411					
0	0	0	0	0	1
2	0	0	0	0	1
4	0	0	0	0	1
6	0	0	0	0	1
8	0	0	0	0	1
9	0	0	0	0	1
9.5	0	0	0	0	1
9.6	0	0	0	0	1
9.7	0	0	0	0	1
9.8	0	0	0	0	1
9.9	0	0	0	0	1
10.09922	0.012468	0	0	0	1
10.19844	0.024933	0	0	0	1
10.29766	0.037391	0	0	0	1
10.39688	0.049841	0	0	0	1
10.49611	0.062279	0	0	0	1
10.59533	0.074702	0	0	0	1
10.69456	0.087107	0	0	0	1
10.79379	0.099492	0	0	0	1
10.89302	0.11185	0	0	0	1
10.99226	0.12419	0	0	0	1
11.0915	0.13649	0	0	0	1
11.1907	0.14876	0	0	0	1
11.29	0.161	0	0	0	1
11.3892	0.17319	0	0	0	1
11.4885	0.18535	0	0	0	1
11.5878	0.19746	0	0	0	1
11.687	0.20952	0	0	0	1
11.7863	0.22154	0	0	0	1
11.8856	0.2335	0	0	0	1
11.9849	0.2454	0	0	0	1
12.0842	0.25725	0	0	0	1
12.1835	0.26903	0	0	0	1
12.2828	0.28075	0	0	0	1
12.3821	0.2924	0	0	0	1
12.4814	0.30399	0	0	0	1
12.5808	0.31549	0	0	0	1
12.6801	0.32693	0	0	0	1
12.7795	0.33828	0	0	0	1
12.8788	0.34955	0	0	0	1
12.9782	0.36074	0	0	0	1
13.0776	0.37184	0	0	0	1
13.177	0.38286	0	0	0	1
13.2764	0.39378	0	0	0	1
13.3758	0.4046	0	0	0	1
13.4752	0.41533	0	0	0	1
13.5747	0.42596	0	0	0	1
13.6741	0.43648	0	0	0	1
13.7736	0.4469	0	0	0	1
13.873	0.45722	0	0	0	1
13.9725	0.46742	0	0	0	1
14.072	0.4775	0	0	0	1
14.1715	0.48748	0	0	0	1
14.271	0.49733	0	0	0	1
14.3705	0.50707	0	0	0	1
14.4701	0.51668	0	0	0	1
14.5696	0.52617	0	0	0	1
14.6692	0.53552	0	0	0	1
14.7687	0.54475	0	0	0	1
14.8683	0.55385	0	0	0	1
14.9679	0.56281	0	0	0	1
15.0675	0.57164	0	0	0	1
15.1672	0.58033	0	0	0	1
15.2668	0.58887	0	0	0	1
15.3664	0.59728	0	0	0	1
15.4661	0.60553	0	0	0	1
15.5658	0.61364	0	0	0	1
15.6655	0.6216	0	0	0	1
15.7651	0.62941	0	0	0	1
15.8649	0.63707	0	0	0	1
15.9646	0.64457	0	0	0	1
16.0643	0.65191	0	0	0	1
16.164	0.6591	0	0	0	1
16.2638	0.66612	0	0	0	1
16.3636	0.67298	0	0	0	1
16.4633	0.67967	0	0	0	1
16.5631	0.6862	0	0	0	1
16.6629	0.69256	0	0	0	1
16.7627	0.69876	0	0	0	1
16.8625	0.70478	0	0	0	1
16.9624	0.71063	0	0	0	1
17.0622	0.7163	0	0	0	1
17.1621	0.7218	0	0	0	1
17.2619	0.72712	0	0	0	1
17.3618	0.73226	0	0	0	1
17.4617	0.73723	0	0	0	1
17.5616	0.74201	0	0	0	1
17.6614	0.74661	0	0	0	1
17.7613	0.75102	0	0	0	1
17.8613	0.75526	0	0	0	1
17.9612	0.7593	0	0	0	1
18.0611	0.76316	0	0	0	1
18.161	0.76683	0	0	0	1
18.261	0.77031	0	0	0	1
18.3609	0.77361	0	0	0	1
18.4609	0.77671	0	0	0	1
18.5608	0.77962	0	0	0	1
18.6608	0.78234	0	0	0	1
18.7608	0.78487	0	0	0	1
18.8607	0.7872	0	0	0	1
18.9607	0.78934	0	0	0	1
19.0607	0.79128	0	0	0	1
19.1607	0.79303	0	0	0	1
19.2607	0.79459	0	0	0	1
19.3607	0.79595	0	0	0	1
19.4606	0.79711	0	0	0	1
19.5606	0.79807	0	0	0	1
19.6606	0.79884	0	0	0	1
19.7606	0.79941	0	0	0	1
19.8606	0.79978	0	0	0	1
19.9606	0.79996	0	0	0	1
20.061	0.79994	0	0	0	1
20.161	0.79972	0	0	0	1
20.261	0.79931	0	0	0	1
20.361	0.79869	0	0	0	1
20.461	0.79788	0	0	0	1
20.561	0.79688	0	0	0	1
20.661	0.79567	0	0	0	1
20.761	0.79427	0	0	0	1
20.861	0.79268	0	0	0	1
20.961	0.79089	0	0	0	1
21.061	0.7889	0	0	0	1
21.161	0.78672	0	0	0	1
21.261	0.78435	0	0	0	1
21.36	0.78178	0	0	0	1
21.46	0.77902	0	0	0	1
21.56	0.77607	0	0	0	1
21.66	0.77292	0	0	0	1
21.76	0.76959	0	0	0	1
21.86	0.76607	0	0	0	1
21.96	0.76235	0	0	0	1
22.06	0.75846	0	0	0	1
22.16	0.75437	0	0	0	1
22.26	0.7501	0	0	0	1
22.36	0.74564	0	0	0	1
22.46	0.741	0	0	0	1
22.56	0.73618	0	0	0	1
22.659	0.73118	0	0	0	1
22.759	0.726	0	0	0	1
22.859	0.72064	0	0	0	1
22.959	0.71511	0	0	0	1
23.059	0.7094	0	0	0	1
23.159	0.70351	0	0	0	1
23.259	0.69745	0	0	0	1
23.358	0.69122	0	0	0	1
23.458	0.68483	0	0	0	1
23.558	0.67826	0	0	0	1
23.658	0.67153	0	0	0	1
23.757	0.66464	0	0	0	1
23.857	0.65758	0	0	0	1
23.957	0.65036	0	0	0	1
24.057	0.64298	0	0	0	1
24.156	0.63545	0	0	0	1
24.256	0.62776	0	0	0	1
24.356	0.61992	0	0	0	1
24.455	0.61193	0	0	0	1
24.555	0.60379	0	0	0	1
24.655	0.5955	0	0	0	1
24.754	0.58706	0	0	0	1
24.854	0.57849	0	0	0	1
24.954	0.56977	0	0	0	1
25.053	0.56092	0	0	0	1
25.153	0.55192	0	0	0	1
25.252	0.5428	0	0	0	1
25.352	0.53354	0	0	0	1
25.452	0.52416	0	0	0	1
25.551	0.51464	0	0	0	1
25.651	0.505	0	0	0	1
25.75	0.49524	0	0	0	1
25.85	0.48536	0	0	0	1
25.949	0.47536	0	0	0	1
26.049	0.46525	0	0	0	1
26.148	0.45503	0	0	0	1
26.248	0.44469	0	0	0	1
26.347	0.43425	0	0	0	1
26.447	0.4237	0	0	0	1
26.546	0.41305	0	0	0	1
26.645	0.4023	0	0	0	1
26.745	0.39146	0	0	0	1
26.844	0.38052	0	0	0	1
26.944	0.36949	0	0	0	1
27.043	0.35837	0	0	0	1
27.142	0.34716	0	0	0	1
27.242	0.33587	0	0	0	1
27.341	0.3245	0	0	0	1
27.44	0.31305	0	0	0	1
27.54	0.30152	0	0	0	1
27.639	0.28993	0	0	0	1
27.738	0.27826	0	0	0	1
27.838	0.26653	0	0	0	1
27.937	0.25473	0	0	0	1
28.036	0.24287	0	0	0	1
28.136	0.23095	0	0	0	1
28.235	0.21898	0	0	0	1
28.334	0.20696	0	0	0	1
28.433	0.19488	0	0	0	1
28.533	0.18276	0	0	0	1
28.632	0.1706	0	0	0	1
28.731	0.15839	0	0	0	1
28.83	0.14615	0	0	0	1
28.93	0.13387	0	0	0	1
29.029	0.12156	0	0	0	1
29.128	0.10922	0	0	0	1
29.227	0.096857	0	0	0	1
29.327	0.084468	0	0	0	1
29.426	0.072059	0	0	0	1
29.525	0.059633	0	0	0	1
29.624	0.047192	0	0	0	1
29.723	0.034741	0	0	0	1
29.823	0.02228	0	0	0	1
29.922	0.009815	0	0	0	1
30.021	-0.0026528	0	0	0	1
30.12	-0.01512	0	0	0	1
30.22	-0.027584	0	0	0	1
30.319	-0.040041	0	0	0	1
30.418	-0.052488	0	0	0	1
30.517	-0.064923	0	0	0	1
30.616	-0.077342	0	0	0	1
30.716	-0.089743	0	0	0	1
30.815	-0.10212	0	0	0	1
30.914	-0.11448	0	0	0	1
31.013	-0.12681	0	0	0	1
31.113	-0.1391	0	0	0	1
31.212	-0.15137	0	0	0	1
31.311	-0.16359	0	0	0	1
31.41	-0.17578	0	0	0	1
31.51	-0.18793	0	0	0	1
31.609	-0.20003	0	0	0	1
31.708	-0.21209	0	0	0	1
31.807	-0.22409	0	0	0	1
31.907	-0.23604	0	0	0	1
32.006	-0.24793	0	0	0	1
32.105	-0.25976	0	0	0	1
32.205	-0.27153	0	0	0	1
32.304	-0.28324	0	0	0	1
32.403	-0.29488	0	0	0	1
32.503	-0.30644	0	0	0	1
32.602	-0.31794	0	0	0	1
32.701	-0.32936	0	0	0	1
32.801	-0.34069	0	0	0	1
32.9	-0.35195	0	0	0	1
32.999	-0.36312	0	0	0	1
33.099	-0.3742	0	0	0	1
33.198	-0.3852	0	0	0	1
33.298	-0.3961	0	0	0	1
33.397	-0.4069	0	0	0	1
33.496	-0.41761	0	0	0	1
33.596	-0.42821	0	0	0	1
33.695	-0.43872	0	0	0	1
33.795	-0.44911	0	0	0	1
33.894	-0.4594	0	0	0	1
33.994	-0.46958	0	0	0	1
34.093	-0.47964	0	0	0	1
34.193	-0.48959	0	0	0	1
34.292	-0.49942	0	0	0	1
34.392	-0.50913	0	0	0	1
34.491	-0.51872	0	0	0	1
34.591	-0.52818	0	0	0	1
34.69	-0.53751	0	0	0	1
34.79	-0.54671	0	0	0	1
34.89	-0.55578	0	0	0	1
34.989	-0.56471	0	0	0	1
35.089	-0.57351	0	0	0	1
35.188	-0.58217	0	0	0	1
35.288	-0.59068	0	0	0	1
35.388	-0.59905	0	0	0	1
35.487	-0.60728	0	0	0	1
35.587	-0.61536	0	0	0	1
35.687	-0.62329	0	0	0	1
35.786	-0.63106	0	0	0	1
35.886	-0.63869	0	0	0	1
35.986	-0.64615	0	0	0	1
36.086	-0.65346	0	0	0	1
36.185	-0.66061	0	0	0	1
36.285	-0.6676	0	0	0	1
36.385	-0.67443	0	0	0	1
36.485	-0.68109	0	0	0	1
36.584	-0.68758	0	0	0	1
36.684	-0.69391	0	0	0	1
36.784	-0.70006	0	0	0	1
36.884	-0.70605	0	0	0	1
36.984	-0.71186	0	0	0	1
37.083	-0.71749	0	0	0	1
37.183	-0.72295	0	0	0	1
37.283	-0.72824	0	0	0	1
37.383	-0.73334	0	0	0	1
37.483	-0.73827	0	0	0	1
37.583	-0.74301	0	0	0	1
37.683	-0.74757	0	0	0	1
37.783	-0.75195	0	0	0	1
37.883	-0.75614	0	0	0	1
37.982	-0.76015	0	0	0	1
38.082	-0.76397	0	0	0	1
38.182	-0.7676	0	0	0	1
38.282	-0.77104	0	0	0	1
38.382	-0.77429	0	0	0	1
38.482	-0.77735	0	0	0	1
38.582	-0.78023	0	0	0	1
38.682	-0.7829	0	0	0	1
38.782	-0.78539	0	0	0	1
38.882	-0.78768	0	0	0	1
38.982	-0.78978	0	0	0	1
39.082	-0.79168	0	0	0	1
39.182	-0.79339	0	0	0	1
39.282	-0.7949	0	0	0	1
39.382	-0.79622	0	0	0	1
39.482	-0.79734	0	0	0	1
39.582	-0.79826	0	0	0	1
39.682	-0.79899	0	0	0	1
39.782	-0.79952	0	0	0	1
39.882	-0.79985	0	0	0	1
39.982	-0.79998	0	0	0	1
40.082	-0.79992	0	0	0	1
40.182	-0.79966	0	0	0	1
40.282	-0.7992	0	0	0	1
40.382	-0.79855	0	0	0	1
40.482	-0.79769	0	0	0	1
40.582	-0.79665	0	0	0	1
40.682	-0.7954	0	0	0	1
40.782	-0.79396	0	0	0	1
40.882	-0.79232	0	0	0	1
40.982	-0.79049	0	0	0	1
41.082	-0.78846	0	0	0	1
41.182	-0.78624	0	0	0	1
41.282	-0.78382	0	0	0	1
41.382	-0.78122	0	0	0	1
41.482	-0.77842	0	0	0	1
41.582	-0.77542	0	0	0	1
41.682	-0.77224	0	0	0	1
41.782	-0.76886	0	0	0	1
41.881	-0.7653	0	0	0	1
41.981	-0.76155	0	0	0	1
42.081	-0.75761	0	0	0	1
42.181	-0.75349	0	0	0	1
42.281	-0.74917	0	0	0	1
42.381	-0.74468	0	0	0	1
42.481	-0.74	0	0	0	1
42.581	-0.73514	0	0	0	1
42.681	-0.7301	0	0	0	1
42.781	-0.72488	0	0	0	1
42.88	-0.71949	0	0	0	1
42.98	-0.71391	0	0	0	1
43.08	-0.70816	0	0	0	1
43.18	-0.70224	0	0	0	1
43.28	-0.69615	0	0	0	1
43.38	-0.68988	0	0	0	1
43.479	-0.68345	0	0	0	1
43.579	-0.67685	0	0	0	1
43.679	-0.67008	0	0	0	1
43.779	-0.66315	0	0	0	1
43.878	-0.65606	0	0	0	1
43.978	-0.64881	0	0	0	1
44.078	-0.6414	0	0	0	1
44.178	-0.63383	0	0	0	1
44.277	-0.62611	0	0	0	1
44.377	-0.61824	0	0	0	1
44.477	-0.61021	0	0	0	1
44.576	-0.60204	0	0	0	1
44.676	-0.59372	0	0	0	1
44.776	-0.58526	0	0	0	1
44.875	-0.57665	0	0	0	1
44.975	-0.5679	0	0	0	1
45.074	-0.55902	0	0	0	1
45.174	-0.55	0	0	0	1
45.274	-0.54084	0	0	0	1
45.373	-0.53156	0	0	0	1
45.473	-0.52214	0	0	0	1
45.572	-0.5126	0	0	0	1
45.672	-0.50294	0	0	0	1
45.771	-0.49315	0	0	0	1
45.871	-0.48325	0	0	0	1
45.97	-0.47323	0	0	0	1
46.07	-0.46309	0	0	0	1
46.169	-0.45284	0	0	0	1
46.269	-0.44248	0	0	0	1
46.368	-0.43202	0	0	0	1
46.468	-0.42145	0	0	0	1
46.567	-0.41078	0	0	0	1
46.667	-0.40001	0	0	0	1
46.766	-0.38914	0	0	0	1
46.865	-0.37818	0	0	0	1
46.965	-0.36713	0	0	0	1
47.064	-0.35599	0	0	0	1
47.163	-0.34476	0	0	0	1
47.263	-0.33346	0	0	0	1
47.362	-0.32207	0	0	0	1
47.461	-0.3106	0	0	0	1
47.561	-0.29906	0	0	0	1
47.66	-0.28745	0	0	0	1
47.759	-0.27577	0	0	0	1
47.859	-0.26402	0	0	0	1
47.958	-0.25221	0	0	0	1
48.057	-0.24034	0	0	0	1
48.157	-0.22841	0	0	0	1
48.256	-0.21643	0	0	0	1
48.355	-0.20439	0	0	0	1
48.454	-0.19231	0	0	0	1
48.554	-0.18018	0	0	0	1
48.653	-0.168	0	0	0	1
48.752	-0.15579	0	0	0	1
48.851	-0.14354	0	0	0	1
48.951	-0.13125	0	0	0	1
49.05	-0.11894	0	0	0	1
49.149	-0.10659	0	0	0	1
49.248	-0.094222	0	0	0	1
49.348	-0.081829	0	0	0	1
49.447	-0.069416	0	0	0	1
49.546	-0.056987	0	0	0	1
49.645	-0.044543	0	0	0	1
49.745	-0.03209	0	0	0	1
49.844	-0.019628	0	0	0	1
