4021					
0	0	0	0	0	1
0.05	0	0	0	0	1
0.099971	-0.064203	0	0	0	1
0.19995	-0.062463	0	0	0	1
0.29352	-0.06778	0	0	0	1
0.39064	-0.06958	0	0	0	1
0.49062	-0.06821	0	0	0	1
0.59061	-0.066708	0	0	0	1
0.69059	-0.065305	0	0	0	1
0.79058	-0.063733	0	0	0	1
0.89057	-0.061872	0	0	0	1
0.99056	-0.060004	0	0	0	1
1.0905	-0.058391	0	0	0	1
1.1905	-0.056676	0	0	0	1
1.2905	-0.055359	0	0	0	1
1.3905	-0.053964	0	0	0	1
1.4905	-0.053184	0	0	0	1
1.5905	-0.052965	0	0	0	1
1.6905	-0.052807	0	0	0	1
1.7905	-0.052843	0	0	0	1
1.8905	-0.052476	0	0	0	1
1.9904	-0.052102	0	0	0	1
2.0904	-0.051979	0	0	0	1
2.1904	-0.052149	0	0	0	1
2.2904	-0.052192	0	0	0	1
2.3904	-0.052136	0	0	0	1
2.4904	-0.051954	0	0	0	1
2.5904	-0.051885	0	0	0	1
2.6904	-0.051837	0	0	0	1
2.7904	-0.05195	0	0	0	1
2.8904	-0.051999	0	0	0	1
2.9904	-0.051891	0	0	0	1
3.0904	-0.051916	0	0	0	1
3.1904	-0.051811	0	0	0	1
3.2904	-0.051728	0	0	0	1
3.3904	-0.051559	0	0	0	1
3.4904	-0.051459	0	0	0	1
3.5904	-0.051177	0	0	0	1
3.6904	-0.050829	0	0	0	1
3.7904	-0.050701	0	0	0	1
3.8904	-0.050797	0	0	0	1
3.9904	-0.050669	0	0	0	1
4.0904	-0.050737	0	0	0	1
4.1904	-0.050654	0	0	0	1
4.2904	-0.050698	0	0	0	1
4.3904	-0.050713	0	0	0	1
4.4904	-0.050768	0	0	0	1
4.5904	-0.050797	0	0	0	1
4.6903	-0.050793	0	0	0	1
4.7903	-0.050766	0	0	0	1
4.8903	-0.05067	0	0	0	1
4.9903	-0.050654	0	0	0	1
5.0903	-0.050561	0	0	0	1
5.1903	-0.050491	0	0	0	1
5.2903	-0.050415	0	0	0	1
5.3903	-0.050309	0	0	0	1
5.4903	-0.050419	0	0	0	1
5.5903	-0.050419	0	0	0	1
5.6903	-0.050422	0	0	0	1
5.7902	-0.050665	0	0	0	1
5.8902	-0.050759	0	0	0	1
5.9902	-0.050879	0	0	0	1
6.0902	-0.050776	0	0	0	1
6.1902	-0.051003	0	0	0	1
6.2902	-0.051039	0	0	0	1
6.3902	-0.051396	0	0	0	1
6.4902	-0.051581	0	0	0	1
6.5902	-0.051731	0	0	0	1
6.6902	-0.052031	0	0	0	1
6.7902	-0.052385	0	0	0	1
6.8902	-0.05266	0	0	0	1
6.9902	-0.05304	0	0	0	1
7.0902	-0.053289	0	0	0	1
7.1902	-0.053546	0	0	0	1
7.2902	-0.053682	0	0	0	1
7.3902	-0.053753	0	0	0	1
7.4902	-0.053723	0	0	0	1
7.5902	-0.053671	0	0	0	1
7.6902	-0.05371	0	0	0	1
7.7902	-0.053741	0	0	0	1
7.8902	-0.053999	0	0	0	1
7.9901	-0.054094	0	0	0	1
8.0901	-0.054189	0	0	0	1
8.1901	-0.054233	0	0	0	1
8.2901	-0.05451	0	0	0	1
8.3901	-0.05449	0	0	0	1
8.4901	-0.054471	0	0	0	1
8.5901	-0.054458	0	0	0	1
8.6901	-0.054552	0	0	0	1
8.7901	-0.054657	0	0	0	1
8.8901	-0.054775	0	0	0	1
8.9901	-0.055108	0	0	0	1
9.0901	-0.055451	0	0	0	1
9.1901	-0.056026	0	0	0	1
9.2901	-0.056551	0	0	0	1
9.3901	-0.057179	0	0	0	1
9.4901	-0.057724	0	0	0	1
9.5901	-0.058175	0	0	0	1
9.6901	-0.058511	0	0	0	1
9.7901	-0.05894	0	0	0	1
9.8901	-0.059327	0	0	0	1
9.9901	-0.059735	0	0	0	1
10.09	-0.060343	0	0	0	1
10.19	-0.060853	0	0	0	1
10.29	-0.061348	0	0	0	1
10.39	-0.062162	0	0	0	1
10.49	-0.063025	0	0	0	1
10.59	-0.06397	0	0	0	1
10.69	-0.064666	0	0	0	1
10.79	-0.065323	0	0	0	1
10.89	-0.065813	0	0	0	1
10.99	-0.066152	0	0	0	1
11.09	-0.066419	0	0	0	1
11.19	-0.066422	0	0	0	1
11.29	-0.066454	0	0	0	1
11.39	-0.06646	0	0	0	1
11.49	-0.066435	0	0	0	1
11.59	-0.066581	0	0	0	1
11.69	-0.06666	0	0	0	1
11.79	-0.066763	0	0	0	1
11.89	-0.066792	0	0	0	1
11.99	-0.066574	0	0	0	1
12.09	-0.066139	0	0	0	1
12.19	-0.065698	0	0	0	1
12.29	-0.06504	0	0	0	1
12.39	-0.064435	0	0	0	1
12.49	-0.063665	0	0	0	1
12.59	-0.063007	0	0	0	1
12.69	-0.062417	0	0	0	1
12.79	-0.06168	0	0	0	1
12.89	-0.061042	0	0	0	1
12.99	-0.06049	0	0	0	1
13.09	-0.060031	0	0	0	1
13.19	-0.059569	0	0	0	1
13.29	-0.059152	0	0	0	1
13.39	-0.058515	0	0	0	1
13.49	-0.05781	0	0	0	1
13.59	-0.057062	0	0	0	1
13.69	-0.056455	0	0	0	1
13.79	-0.055967	0	0	0	1
13.89	-0.055719	0	0	0	1
13.99	-0.055387	0	0	0	1
14.09	-0.05508	0	0	0	1
14.19	-0.05477	0	0	0	1
14.29	-0.054446	0	0	0	1
14.39	-0.054476	0	0	0	1
14.49	-0.054567	0	0	0	1
14.59	-0.054693	0	0	0	1
14.69	-0.054606	0	0	0	1
14.79	-0.054505	0	0	0	1
14.89	-0.054253	0	0	0	1
14.99	-0.054281	0	0	0	1
15.09	-0.054175	0	0	0	1
15.19	-0.05422	0	0	0	1
15.29	-0.054313	0	0	0	1
15.39	-0.05435	0	0	0	1
15.49	-0.054317	0	0	0	1
15.59	-0.054402	0	0	0	1
15.69	-0.054553	0	0	0	1
15.79	-0.054895	0	0	0	1
15.89	-0.055146	0	0	0	1
15.99	-0.055425	0	0	0	1
16.09	-0.055618	0	0	0	1
16.19	-0.055663	0	0	0	1
16.29	-0.05566	0	0	0	1
16.39	-0.055681	0	0	0	1
16.49	-0.055796	0	0	0	1
16.59	-0.05581	0	0	0	1
16.69	-0.055835	0	0	0	1
16.79	-0.055923	0	0	0	1
16.89	-0.056017	0	0	0	1
16.99	-0.055995	0	0	0	1
17.09	-0.056133	0	0	0	1
17.19	-0.056216	0	0	0	1
17.29	-0.056338	0	0	0	1
17.39	-0.056365	0	0	0	1
17.49	-0.056491	0	0	0	1
17.59	-0.056618	0	0	0	1
17.69	-0.056797	0	0	0	1
17.79	-0.056908	0	0	0	1
17.89	-0.05692	0	0	0	1
17.99	-0.056984	0	0	0	1
18.09	-0.057087	0	0	0	1
18.19	-0.057069	0	0	0	1
18.29	-0.057194	0	0	0	1
18.39	-0.057419	0	0	0	1
18.49	-0.057592	0	0	0	1
18.59	-0.057927	0	0	0	1
18.69	-0.058102	0	0	0	1
18.79	-0.058253	0	0	0	1
18.89	-0.058392	0	0	0	1
18.99	-0.058535	0	0	0	1
19.09	-0.058649	0	0	0	1
19.19	-0.058917	0	0	0	1
19.29	-0.059244	0	0	0	1
19.39	-0.059493	0	0	0	1
19.49	-0.059652	0	0	0	1
19.59	-0.059811	0	0	0	1
19.69	-0.060026	0	0	0	1
19.79	-0.060294	0	0	0	1
19.89	-0.060418	0	0	0	1
19.99	-0.060472	0	0	0	1
20.09	-0.060711	0	0	0	1
20.19	-0.060751	0	0	0	1
20.29	-0.060946	0	0	0	1
20.39	-0.060971	0	0	0	1
20.49	-0.061319	0	0	0	1
20.59	-0.061538	0	0	0	1
20.69	-0.061945	0	0	0	1
20.79	-0.062223	0	0	0	1
20.89	-0.062359	0	0	0	1
20.99	-0.062413	0	0	0	1
21.09	-0.062587	0	0	0	1
21.19	-0.062618	0	0	0	1
21.29	-0.062797	0	0	0	1
21.39	-0.06295	0	0	0	1
21.49	-0.063148	0	0	0	1
21.59	-0.063223	0	0	0	1
21.69	-0.063296	0	0	0	1
21.79	-0.063633	0	0	0	1
21.89	-0.063858	0	0	0	1
21.99	-0.064054	0	0	0	1
22.09	-0.064199	0	0	0	1
22.19	-0.064404	0	0	0	1
22.29	-0.064626	0	0	0	1
22.39	-0.064964	0	0	0	1
22.49	-0.06534	0	0	0	1
22.59	-0.065709	0	0	0	1
22.69	-0.066186	0	0	0	1
22.79	-0.066637	0	0	0	1
22.89	-0.067065	0	0	0	1
22.99	-0.067463	0	0	0	1
23.09	-0.067726	0	0	0	1
23.19	-0.06794	0	0	0	1
23.29	-0.068039	0	0	0	1
23.39	-0.068103	0	0	0	1
23.49	-0.068396	0	0	0	1
23.59	-0.06875	0	0	0	1
23.69	-0.069189	0	0	0	1
23.79	-0.069639	0	0	0	1
23.89	-0.069849	0	0	0	1
23.99	-0.070138	0	0	0	1
24.09	-0.070645	0	0	0	1
24.19	-0.071035	0	0	0	1
24.29	-0.07146	0	0	0	1
24.39	-0.071619	0	0	0	1
24.49	-0.071541	0	0	0	1
24.59	-0.071487	0	0	0	1
24.69	-0.071358	0	0	0	1
24.79	-0.071309	0	0	0	1
24.89	-0.071401	0	0	0	1
24.99	-0.071484	0	0	0	1
25.09	-0.071372	0	0	0	1
25.19	-0.071075	0	0	0	1
25.29	-0.070887	0	0	0	1
25.39	-0.070789	0	0	0	1
25.49	-0.070781	0	0	0	1
25.59	-0.070759	0	0	0	1
25.69	-0.070655	0	0	0	1
25.79	-0.070343	0	0	0	1
25.89	-0.070077	0	0	0	1
25.99	-0.069775	0	0	0	1
26.09	-0.069443	0	0	0	1
26.19	-0.06903	0	0	0	1
26.29	-0.068585	0	0	0	1
26.39	-0.06802	0	0	0	1
26.49	-0.067613	0	0	0	1
26.59	-0.067066	0	0	0	1
26.69	-0.066692	0	0	0	1
26.79	-0.06613	0	0	0	1
26.89	-0.065954	0	0	0	1
26.99	-0.065648	0	0	0	1
27.09	-0.065564	0	0	0	1
27.19	-0.065292	0	0	0	1
27.29	-0.064946	0	0	0	1
27.39	-0.064648	0	0	0	1
27.49	-0.064231	0	0	0	1
27.59	-0.063989	0	0	0	1
27.69	-0.063638	0	0	0	1
27.79	-0.063563	0	0	0	1
27.89	-0.063407	0	0	0	1
27.99	-0.063226	0	0	0	1
28.09	-0.06316	0	0	0	1
28.19	-0.063187	0	0	0	1
28.29	-0.063438	0	0	0	1
28.39	-0.063566	0	0	0	1
28.49	-0.063534	0	0	0	1
28.59	-0.063406	0	0	0	1
28.69	-0.063256	0	0	0	1
28.79	-0.063104	0	0	0	1
28.89	-0.063061	0	0	0	1
28.99	-0.063142	0	0	0	1
29.09	-0.063248	0	0	0	1
29.19	-0.063121	0	0	0	1
29.29	-0.062612	0	0	0	1
29.39	-0.062272	0	0	0	1
29.49	-0.061959	0	0	0	1
29.59	-0.061819	0	0	0	1
29.69	-0.061565	0	0	0	1
29.79	-0.06124	0	0	0	1
29.89	-0.061185	0	0	0	1
29.99	-0.061063	0	0	0	1
30.09	-0.061442	0	0	0	1
30.19	-0.062019	0	0	0	1
30.29	-0.06298	0	0	0	1
30.39	-0.064387	0	0	0	1
30.489	-0.06594	0	0	0	1
30.589	-0.067319	0	0	0	1
30.689	-0.068942	0	0	0	1
30.789	-0.070796	0	0	0	1
30.889	-0.073502	0	0	0	1
30.989	-0.076602	0	0	0	1
31.089	-0.079994	0	0	0	1
31.189	-0.08369	0	0	0	1
31.289	-0.087892	0	0	0	1
31.389	-0.092517	0	0	0	1
31.489	-0.097544	0	0	0	1
31.589	-0.10288	0	0	0	1
31.689	-0.10891	0	0	0	1
31.788	-0.11511	0	0	0	1
31.888	-0.12171	0	0	0	1
31.988	-0.12863	0	0	0	1
32.088	-0.13591	0	0	0	1
32.187	-0.1436	0	0	0	1
32.287	-0.15172	0	0	0	1
32.387	-0.16008	0	0	0	1
32.486	-0.16882	0	0	0	1
32.586	-0.17765	0	0	0	1
32.685	-0.18681	0	0	0	1
32.785	-0.19613	0	0	0	1
32.885	-0.2059	0	0	0	1
32.984	-0.216	0	0	0	1
33.083	-0.22651	0	0	0	1
33.183	-0.23733	0	0	0	1
33.282	-0.24825	0	0	0	1
33.382	-0.25924	0	0	0	1
33.481	-0.2703	0	0	0	1
33.58	-0.28184	0	0	0	1
33.68	-0.29375	0	0	0	1
33.779	-0.30585	0	0	0	1
33.878	-0.31827	0	0	0	1
33.977	-0.33109	0	0	0	1
34.076	-0.34418	0	0	0	1
34.175	-0.35778	0	0	0	1
34.274	-0.37178	0	0	0	1
34.373	-0.38621	0	0	0	1
34.472	-0.40084	0	0	0	1
34.571	-0.41569	0	0	0	1
34.67	-0.43069	0	0	0	1
34.769	-0.44606	0	0	0	1
34.868	-0.46175	0	0	0	1
34.966	-0.47774	0	0	0	1
35.065	-0.49408	0	0	0	1
35.164	-0.51073	0	0	0	1
35.262	-0.52775	0	0	0	1
35.361	-0.54509	0	0	0	1
35.459	-0.56258	0	0	0	1
35.558	-0.58044	0	0	0	1
35.656	-0.59865	0	0	0	1
35.754	-0.61706	0	0	0	1
35.852	-0.63566	0	0	0	1
35.951	-0.65443	0	0	0	1
36.049	-0.67372	0	0	0	1
36.147	-0.69318	0	0	0	1
36.245	-0.71313	0	0	0	1
36.343	-0.73342	0	0	0	1
36.441	-0.75387	0	0	0	1
36.538	-0.77463	0	0	0	1
36.636	-0.79582	0	0	0	1
36.734	-0.81718	0	0	0	1
36.832	-0.83855	0	0	0	1
36.929	-0.86042	0	0	0	1
37.027	-0.88223	0	0	0	1
37.124	-0.90439	0	0	0	1
37.222	-0.92668	0	0	0	1
37.319	-0.94923	0	0	0	1
37.416	-0.97217	0	0	0	1
37.514	-0.99532	0	0	0	1
37.611	-1.0186	0	0	0	1
37.708	-1.0422	0	0	0	1
37.805	-1.066	0	0	0	1
37.902	-1.0904	0	0	0	1
37.999	-1.1151	0	0	0	1
38.096	-1.1399	0	0	0	1
38.193	-1.1649	0	0	0	1
38.29	-1.1901	0	0	0	1
38.386	-1.2155	0	0	0	1
38.483	-1.2412	0	0	0	1
38.58	-1.2671	0	0	0	1
38.676	-1.2931	0	0	0	1
38.773	-1.3194	0	0	0	1
38.869	-1.3457	0	0	0	1
38.965	-1.3723	0	0	0	1
39.062	-1.3994	0	0	0	1
39.158	-1.4268	0	0	0	1
39.254	-1.4546	0	0	0	1
39.35	-1.4827	0	0	0	1
39.446	-1.5108	0	0	0	1
39.542	-1.5391	0	0	0	1
39.638	-1.5676	0	0	0	1
39.733	-1.5962	0	0	0	1
39.829	-1.6251	0	0	0	1
39.925	-1.6543	0	0	0	1
40.02	-1.6835	0	0	0	1
40.116	-1.7132	0	0	0	1
40.211	-1.7431	0	0	0	1
40.307	-1.7735	0	0	0	1
40.402	-1.8045	0	0	0	1
40.497	-1.8356	0	0	0	1
40.592	-1.8666	0	0	0	1
40.687	-1.8978	0	0	0	1
40.782	-1.9291	0	0	0	1
40.877	-1.9607	0	0	0	1
40.971	-1.9927	0	0	0	1
41.066	-2.0251	0	0	0	1
41.161	-2.0576	0	0	0	1
41.255	-2.0904	0	0	0	1
41.349	-2.1235	0	0	0	1
41.444	-2.1571	0	0	0	1
41.538	-2.191	0	0	0	1
41.631	-2.2254	0	0	0	1
41.725	-2.2601	0	0	0	1
41.819	-2.2947	0	0	0	1
41.913	-2.3293	0	0	0	1
42.007	-2.3641	0	0	0	1
42.1	-2.3995	0	0	0	1
42.194	-2.4351	0	0	0	1
42.287	-2.471	0	0	0	1
42.38	-2.5069	0	0	0	1
42.474	-2.543	0	0	0	1
42.567	-2.5793	0	0	0	1
42.66	-2.6162	0	0	0	1
42.753	-2.6532	0	0	0	1
42.845	-2.6906	0	0	0	1
42.938	-2.7279	0	0	0	1
43.031	-2.7653	0	0	0	1
43.123	-2.8028	0	0	0	1
43.216	-2.8409	0	0	0	1
43.308	-2.8792	0	0	0	1
43.4	-2.918	0	0	0	1
43.493	-2.9568	0	0	0	1
43.585	-2.996	0	0	0	1
43.676	-3.0353	0	0	0	1
43.768	-3.0751	0	0	0	1
43.86	-3.1152	0	0	0	1
43.951	-3.1555	0	0	0	1
44.043	-3.1959	0	0	0	1
44.134	-3.2365	0	0	0	1
44.225	-3.2774	0	0	0	1
44.317	-3.3185	0	0	0	1
44.408	-3.36	0	0	0	1
44.498	-3.4018	0	0	0	1
44.589	-3.4442	0	0	0	1
44.679	-3.4868	0	0	0	1
44.77	-3.5297	0	0	0	1
44.86	-3.573	0	0	0	1
44.95	-3.6165	0	0	0	1
45.04	-3.6602	0	0	0	1
45.13	-3.7037	0	0	0	1
45.22	-3.7474	0	0	0	1
45.31	-3.7915	0	0	0	1
45.399	-3.8359	0	0	0	1
45.489	-3.8807	0	0	0	1
45.578	-3.9259	0	0	0	1
45.667	-3.9716	0	0	0	1
45.756	-4.0174	0	0	0	1
45.844	-4.0634	0	0	0	1
45.933	-4.1093	0	0	0	1
46.022	-4.1556	0	0	0	1
46.11	-4.2021	0	0	0	1
46.199	-4.2491	0	0	0	1
46.287	-4.2961	0	0	0	1
46.375	-4.3433	0	0	0	1
46.463	-4.3911	0	0	0	1
46.55	-4.4394	0	0	0	1
46.638	-4.4881	0	0	0	1
46.725	-4.5371	0	0	0	1
46.812	-4.5864	0	0	0	1
46.899	-4.636	0	0	0	1
46.986	-4.6855	0	0	0	1
47.072	-4.735	0	0	0	1
47.159	-4.7847	0	0	0	1
47.246	-4.8351	0	0	0	1
47.332	-4.8859	0	0	0	1
47.418	-4.9366	0	0	0	1
47.504	-4.9875	0	0	0	1
47.59	-5.0386	0	0	0	1
47.676	-5.0902	0	0	0	1
47.761	-5.1418	0	0	0	1
47.847	-5.1934	0	0	0	1
47.932	-5.2452	0	0	0	1
48.018	-5.2968	0	0	0	1
48.104	-5.3484	0	0	0	1
48.19	-5.3996	0	0	0	1
48.276	-5.4508	0	0	0	1
48.361	-5.5019	0	0	0	1
48.447	-5.553	0	0	0	1
48.533	-5.6041	0	0	0	1
48.619	-5.6549	0	0	0	1
48.706	-5.7053	0	0	0	1
48.792	-5.7559	0	0	0	1
48.878	-5.8064	0	0	0	1
48.965	-5.8569	0	0	0	1
49.051	-5.9071	0	0	0	1
49.138	-5.9569	0	0	0	1
49.225	-6.0065	0	0	0	1
49.312	-6.056	0	0	0	1
49.399	-6.1051	0	0	0	1
49.486	-6.1541	0	0	0	1
49.573	-6.203	0	0	0	1
49.66	-6.2518	0	0	0	1
49.748	-6.3006	0	0	0	1
49.835	-6.3492	0	0	0	1
49.923	-6.3975	0	0	0	1
50.01	-6.4455	0	0	0	1
50.098	-6.4932	0	0	0	1
50.186	-6.5402	0	0	0	1
50.275	-6.5868	0	0	0	1
50.364	-6.6329	0	0	0	1
50.452	-6.6789	0	0	0	1
50.541	-6.7247	0	0	0	1
50.63	-6.7703	0	0	0	1
50.72	-6.8155	0	0	0	1
50.809	-6.8606	0	0	0	1
50.898	-6.9053	0	0	0	1
50.988	-6.9498	0	0	0	1
51.077	-6.994	0	0	0	1
51.167	-7.0378	0	0	0	1
51.258	-7.0809	0	0	0	1
51.348	-7.1235	0	0	0	1
51.439	-7.1656	0	0	0	1
51.53	-7.2074	0	0	0	1
51.621	-7.249	0	0	0	1
51.711	-7.2906	0	0	0	1
51.802	-7.332	0	0	0	1
51.894	-7.3733	0	0	0	1
51.985	-7.4146	0	0	0	1
52.076	-7.4553	0	0	0	1
52.167	-7.4959	0	0	0	1
52.259	-7.5363	0	0	0	1
52.35	-7.5764	0	0	0	1
52.442	-7.6162	0	0	0	1
52.534	-7.6552	0	0	0	1
52.626	-7.6937	0	0	0	1
52.719	-7.7317	0	0	0	1
52.812	-7.7696	0	0	0	1
52.904	-7.8075	0	0	0	1
52.996	-7.8457	0	0	0	1
53.089	-7.8837	0	0	0	1
53.181	-7.9216	0	0	0	1
53.274	-7.9592	0	0	0	1
53.367	-7.9963	0	0	0	1
53.46	-8.0331	0	0	0	1
53.553	-8.0697	0	0	0	1
53.646	-8.1057	0	0	0	1
53.74	-8.1415	0	0	0	1
53.833	-8.177	0	0	0	1
53.927	-8.2124	0	0	0	1
54.02	-8.2477	0	0	0	1
54.114	-8.2832	0	0	0	1
54.207	-8.3183	0	0	0	1
54.301	-8.3532	0	0	0	1
54.395	-8.3876	0	0	0	1
54.489	-8.4215	0	0	0	1
54.583	-8.455	0	0	0	1
54.678	-8.4881	0	0	0	1
54.772	-8.5206	0	0	0	1
54.867	-8.5528	0	0	0	1
54.962	-8.5846	0	0	0	1
55.056	-8.6162	0	0	0	1
55.151	-8.6476	0	0	0	1
55.246	-8.6786	0	0	0	1
55.342	-8.7093	0	0	0	1
55.437	-8.7396	0	0	0	1
55.532	-8.7695	0	0	0	1
55.628	-8.7988	0	0	0	1
55.724	-8.828	0	0	0	1
55.819	-8.8567	0	0	0	1
55.915	-8.8851	0	0	0	1
56.011	-8.9131	0	0	0	1
56.107	-8.9409	0	0	0	1
56.203	-8.9688	0	0	0	1
56.299	-8.9963	0	0	0	1
56.396	-9.0235	0	0	0	1
56.492	-9.0502	0	0	0	1
56.589	-9.0763	0	0	0	1
56.685	-9.1018	0	0	0	1
56.782	-9.1272	0	0	0	1
56.879	-9.152	0	0	0	1
56.976	-9.1767	0	0	0	1
57.073	-9.2008	0	0	0	1
57.17	-9.2247	0	0	0	1
57.267	-9.2484	0	0	0	1
57.364	-9.2722	0	0	0	1
57.461	-9.2959	0	0	0	1
57.558	-9.3194	0	0	0	1
57.656	-9.3423	0	0	0	1
57.753	-9.3644	0	0	0	1
57.851	-9.3859	0	0	0	1
57.949	-9.407	0	0	0	1
58.046	-9.4279	0	0	0	1
58.144	-9.4487	0	0	0	1
58.242	-9.4693	0	0	0	1
58.34	-9.4896	0	0	0	1
58.438	-9.5097	0	0	0	1
58.536	-9.5295	0	0	0	1
58.634	-9.5486	0	0	0	1
58.732	-9.5671	0	0	0	1
58.831	-9.585	0	0	0	1
58.929	-9.6024	0	0	0	1
59.028	-9.6194	0	0	0	1
59.126	-9.636	0	0	0	1
59.225	-9.6522	0	0	0	1
59.324	-9.6682	0	0	0	1
59.423	-9.6839	0	0	0	1
59.521	-9.6994	0	0	0	1
59.62	-9.7146	0	0	0	1
59.719	-9.7296	0	0	0	1
59.818	-9.7442	0	0	0	1
59.917	-9.7583	0	0	0	1
60.016	-9.772	0	0	0	1
60.115	-9.7853	0	0	0	1
60.214	-9.7982	0	0	0	1
60.313	-9.8108	0	0	0	1
60.413	-9.8234	0	0	0	1
60.512	-9.8355	0	0	0	1
60.611	-9.8475	0	0	0	1
60.71	-9.8591	0	0	0	1
60.81	-9.8702	0	0	0	1
60.909	-9.8807	0	0	0	1
61.009	-9.8909	0	0	0	1
61.108	-9.9006	0	0	0	1
61.208	-9.9101	0	0	0	1
61.307	-9.9191	0	0	0	1
61.407	-9.9277	0	0	0	1
61.507	-9.936	0	0	0	1
61.606	-9.944	0	0	0	1
61.706	-9.9517	0	0	0	1
61.806	-9.9591	0	0	0	1
61.905	-9.9661	0	0	0	1
62.005	-9.9725	0	0	0	1
62.105	-9.9782	0	0	0	1
62.205	-9.9834	0	0	0	1
62.305	-9.9881	0	0	0	1
62.405	-9.9926	0	0	0	1
62.505	-9.9968	0	0	0	1
62.605	-10.001	0	0	0	1
62.704	-10.004	0	0	0	1
62.804	-10.008	0	0	0	1
62.904	-10.011	0	0	0	1
63.004	-10.014	0	0	0	1
63.104	-10.017	0	0	0	1
63.204	-10.019	0	0	0	1
63.304	-10.022	0	0	0	1
63.404	-10.023	0	0	0	1
63.504	-10.024	0	0	0	1
63.604	-10.025	0	0	0	1
63.704	-10.026	0	0	0	1
63.804	-10.026	0	0	0	1
63.904	-10.027	0	0	0	1
64.004	-10.027	0	0	0	1
64.104	-10.026	0	0	0	1
64.204	-10.026	0	0	0	1
64.304	-10.025	0	0	0	1
64.404	-10.024	0	0	0	1
64.504	-10.023	0	0	0	1
64.604	-10.022	0	0	0	1
64.704	-10.021	0	0	0	1
64.804	-10.019	0	0	0	1
64.904	-10.017	0	0	0	1
65.004	-10.014	0	0	0	1
65.104	-10.012	0	0	0	1
65.204	-10.009	0	0	0	1
65.304	-10.006	0	0	0	1
65.404	-10.003	0	0	0	1
65.504	-9.9996	0	0	0	1
65.604	-9.996	0	0	0	1
65.704	-9.9921	0	0	0	1
65.803	-9.9877	0	0	0	1
65.903	-9.9832	0	0	0	1
66.003	-9.9784	0	0	0	1
66.103	-9.9733	0	0	0	1
66.203	-9.9678	0	0	0	1
66.303	-9.9621	0	0	0	1
66.403	-9.9561	0	0	0	1
66.502	-9.9498	0	0	0	1
66.602	-9.9432	0	0	0	1
66.702	-9.9364	0	0	0	1
66.802	-9.9294	0	0	0	1
66.901	-9.9219	0	0	0	1
67.001	-9.914	0	0	0	1
67.101	-9.9056	0	0	0	1
67.2	-9.8971	0	0	0	1
67.3	-9.8883	0	0	0	1
67.4	-9.8793	0	0	0	1
67.499	-9.8697	0	0	0	1
67.599	-9.8597	0	0	0	1
67.698	-9.8492	0	0	0	1
67.797	-9.8385	0	0	0	1
67.897	-9.8275	0	0	0	1
67.996	-9.8161	0	0	0	1
68.095	-9.8042	0	0	0	1
68.195	-9.792	0	0	0	1
68.294	-9.7791	0	0	0	1
68.393	-9.7659	0	0	0	1
68.492	-9.7522	0	0	0	1
68.591	-9.7385	0	0	0	1
68.69	-9.7244	0	0	0	1
68.789	-9.71	0	0	0	1
68.888	-9.6951	0	0	0	1
68.987	-9.6798	0	0	0	1
69.085	-9.6643	0	0	0	1
69.184	-9.6484	0	0	0	1
69.283	-9.6322	0	0	0	1
69.381	-9.6156	0	0	0	1
69.48	-9.5983	0	0	0	1
69.578	-9.5806	0	0	0	1
69.677	-9.5624	0	0	0	1
69.775	-9.544	0	0	0	1
69.873	-9.5252	0	0	0	1
69.971	-9.5063	0	0	0	1
70.07	-9.4871	0	0	0	1
70.168	-9.4677	0	0	0	1
70.266	-9.4477	0	0	0	1
70.363	-9.4272	0	0	0	1
70.461	-9.4063	0	0	0	1
70.559	-9.385	0	0	0	1
70.656	-9.363	0	0	0	1
70.754	-9.3406	0	0	0	1
70.851	-9.3178	0	0	0	1
70.949	-9.2946	0	0	0	1
71.046	-9.2714	0	0	0	1
71.143	-9.2477	0	0	0	1
71.24	-9.2239	0	0	0	1
71.337	-9.1997	0	0	0	1
71.434	-9.1754	0	0	0	1
71.531	-9.1502	0	0	0	1
71.628	-9.1247	0	0	0	1
71.724	-9.0983	0	0	0	1
71.82	-9.0719	0	0	0	1
71.917	-9.0455	0	0	0	1
72.013	-9.0193	0	0	0	1
72.11	-8.9928	0	0	0	1
72.206	-8.966	0	0	0	1
72.302	-8.9388	0	0	0	1
72.398	-8.9113	0	0	0	1
72.494	-8.8832	0	0	0	1
72.59	-8.8551	0	0	0	1
72.686	-8.8263	0	0	0	1
72.782	-8.7976	0	0	0	1
72.878	-8.7682	0	0	0	1
72.973	-8.7385	0	0	0	1
73.069	-8.7089	0	0	0	1
73.164	-8.6793	0	0	0	1
73.259	-8.6495	0	0	0	1
73.355	-8.6191	0	0	0	1
73.45	-8.5884	0	0	0	1
73.545	-8.5573	0	0	0	1
73.64	-8.5259	0	0	0	1
73.735	-8.494	0	0	0	1
73.829	-8.462	0	0	0	1
73.924	-8.4295	0	0	0	1
74.018	-8.3966	0	0	0	1
74.113	-8.3632	0	0	0	1
74.207	-8.3297	0	0	0	1
74.301	-8.2959	0	0	0	1
74.395	-8.2617	0	0	0	1
74.489	-8.2272	0	0	0	1
74.582	-8.1923	0	0	0	1
74.676	-8.1572	0	0	0	1
74.77	-8.1217	0	0	0	1
74.863	-8.0859	0	0	0	1
74.956	-8.0495	0	0	0	1
75.049	-8.0131	0	0	0	1
75.142	-7.9762	0	0	0	1
75.235	-7.9392	0	0	0	1
75.328	-7.902	0	0	0	1
75.42	-7.8643	0	0	0	1
75.513	-7.8265	0	0	0	1
75.605	-7.7883	0	0	0	1
75.698	-7.7501	0	0	0	1
75.79	-7.7117	0	0	0	1
75.882	-7.6731	0	0	0	1
75.974	-7.6344	0	0	0	1
76.066	-7.5951	0	0	0	1
76.158	-7.5557	0	0	0	1
76.25	-7.5159	0	0	0	1
76.341	-7.4755	0	0	0	1
76.433	-7.435	0	0	0	1
76.524	-7.3941	0	0	0	1
76.615	-7.3531	0	0	0	1
76.706	-7.3119	0	0	0	1
76.797	-7.2704	0	0	0	1
76.888	-7.2285	0	0	0	1
76.979	-7.1864	0	0	0	1
77.069	-7.1438	0	0	0	1
77.16	-7.1008	0	0	0	1
77.25	-7.0572	0	0	0	1
77.34	-7.0136	0	0	0	1
77.429	-6.9694	0	0	0	1
77.519	-6.9246	0	0	0	1
77.608	-6.8796	0	0	0	1
77.697	-6.8344	0	0	0	1
77.786	-6.7892	0	0	0	1
77.875	-6.7435	0	0	0	1
77.964	-6.6976	0	0	0	1
78.053	-6.6516	0	0	0	1
78.141	-6.6051	0	0	0	1
78.23	-6.558	0	0	0	1
78.318	-6.5105	0	0	0	1
78.406	-6.4628	0	0	0	1
78.493	-6.4146	0	0	0	1
78.581	-6.3663	0	0	0	1
78.668	-6.3175	0	0	0	1
78.755	-6.2684	0	0	0	1
78.842	-6.2187	0	0	0	1
78.929	-6.1691	0	0	0	1
79.015	-6.1191	0	0	0	1
79.102	-6.0691	0	0	0	1
79.188	-6.0186	0	0	0	1
79.274	-5.9679	0	0	0	1
79.36	-5.917	0	0	0	1
79.447	-5.8661	0	0	0	1
79.532	-5.8149	0	0	0	1
79.618	-5.7636	0	0	0	1
79.704	-5.7123	0	0	0	1
79.79	-5.6608	0	0	0	1
79.875	-5.6091	0	0	0	1
79.961	-5.5575	0	0	0	1
80.047	-5.506	0	0	0	1
80.132	-5.4542	0	0	0	1
80.218	-5.403	0	0	0	1
80.304	-5.3518	0	0	0	1
80.39	-5.3007	0	0	0	1
80.476	-5.2499	0	0	0	1
80.562	-5.199	0	0	0	1
80.648	-5.148	0	0	0	1
80.734	-5.097	0	0	0	1
80.82	-5.0458	0	0	0	1
80.906	-4.995	0	0	0	1
80.992	-4.9442	0	0	0	1
81.079	-4.8936	0	0	0	1
81.165	-4.8431	0	0	0	1
81.251	-4.7926	0	0	0	1
81.338	-4.7423	0	0	0	1
81.424	-4.6923	0	0	0	1
81.511	-4.6426	0	0	0	1
81.598	-4.5933	0	0	0	1
81.685	-4.5441	0	0	0	1
81.772	-4.4952	0	0	0	1
81.859	-4.4463	0	0	0	1
81.947	-4.3976	0	0	0	1
82.034	-4.349	0	0	0	1
82.122	-4.3006	0	0	0	1
82.209	-4.2527	0	0	0	1
82.297	-4.205	0	0	0	1
82.385	-4.1575	0	0	0	1
82.473	-4.11	0	0	0	1
82.561	-4.0629	0	0	0	1
82.65	-4.0159	0	0	0	1
82.738	-3.9695	0	0	0	1
82.827	-3.9233	0	0	0	1
82.916	-3.8774	0	0	0	1
83.005	-3.8318	0	0	0	1
83.094	-3.7863	0	0	0	1
83.183	-3.7411	0	0	0	1
83.272	-3.6963	0	0	0	1
83.362	-3.6519	0	0	0	1
83.452	-3.6079	0	0	0	1
83.542	-3.5643	0	0	0	1
83.632	-3.5208	0	0	0	1
83.722	-3.4776	0	0	0	1
83.812	-3.4348	0	0	0	1
83.903	-3.392	0	0	0	1
83.993	-3.3498	0	0	0	1
84.084	-3.3079	0	0	0	1
84.175	-3.2663	0	0	0	1
84.266	-3.225	0	0	0	1
84.357	-3.1839	0	0	0	1
84.449	-3.1429	0	0	0	1
84.54	-3.1022	0	0	0	1
84.631	-3.0618	0	0	0	1
84.723	-3.0218	0	0	0	1
84.815	-2.982	0	0	0	1
84.907	-2.9425	0	0	0	1
84.999	-2.903	0	0	0	1
85.091	-2.8639	0	0	0	1
85.183	-2.825	0	0	0	1
85.275	-2.7866	0	0	0	1
85.367	-2.7485	0	0	0	1
85.46	-2.7105	0	0	0	1
85.553	-2.6728	0	0	0	1
85.645	-2.6352	0	0	0	1
85.738	-2.5977	0	0	0	1
85.831	-2.5606	0	0	0	1
85.924	-2.5238	0	0	0	1
86.017	-2.4873	0	0	0	1
86.11	-2.4507	0	0	0	1
86.203	-2.4147	0	0	0	1
86.297	-2.379	0	0	0	1
86.39	-2.3436	0	0	0	1
86.484	-2.3084	0	0	0	1
86.578	-2.2738	0	0	0	1
86.671	-2.2392	0	0	0	1
86.765	-2.2049	0	0	0	1
86.859	-2.1707	0	0	0	1
86.953	-2.1367	0	0	0	1
87.047	-2.1031	0	0	0	1
87.142	-2.0696	0	0	0	1
87.236	-2.0366	0	0	0	1
87.331	-2.0038	0	0	0	1
87.425	-1.9714	0	0	0	1
87.52	-1.9391	0	0	0	1
87.615	-1.9073	0	0	0	1
87.709	-1.8755	0	0	0	1
87.804	-1.844	0	0	0	1
87.899	-1.8128	0	0	0	1
87.994	-1.7817	0	0	0	1
88.089	-1.7509	0	0	0	1
88.185	-1.7202	0	0	0	1
88.28	-1.6899	0	0	0	1
88.375	-1.6595	0	0	0	1
88.471	-1.6299	0	0	0	1
88.566	-1.6006	0	0	0	1
88.662	-1.5716	0	0	0	1
88.758	-1.5427	0	0	0	1
88.853	-1.5139	0	0	0	1
88.949	-1.4853	0	0	0	1
89.045	-1.4569	0	0	0	1
89.141	-1.4287	0	0	0	1
89.237	-1.4007	0	0	0	1
89.333	-1.3729	0	0	0	1
89.429	-1.3455	0	0	0	1
89.525	-1.318	0	0	0	1
89.622	-1.291	0	0	0	1
89.718	-1.2644	0	0	0	1
89.815	-1.238	0	0	0	1
89.911	-1.2119	0	0	0	1
90.008	-1.1858	0	0	0	1
90.104	-1.1598	0	0	0	1
90.201	-1.134	0	0	0	1
90.297	-1.1083	0	0	0	1
90.394	-1.0829	0	0	0	1
90.491	-1.0579	0	0	0	1
90.588	-1.0331	0	0	0	1
90.685	-1.0085	0	0	0	1
90.782	-0.98411	0	0	0	1
90.879	-0.96025	0	0	0	1
90.976	-0.93673	0	0	0	1
91.073	-0.91336	0	0	0	1
91.171	-0.89024	0	0	0	1
91.268	-0.86738	0	0	0	1
91.365	-0.84469	0	0	0	1
91.463	-0.82212	0	0	0	1
91.56	-0.79995	0	0	0	1
91.658	-0.77823	0	0	0	1
91.755	-0.75696	0	0	0	1
91.853	-0.73607	0	0	0	1
91.951	-0.71578	0	0	0	1
92.049	-0.69562	0	0	0	1
92.147	-0.67603	0	0	0	1
92.245	-0.65682	0	0	0	1
92.344	-0.63796	0	0	0	1
92.442	-0.61955	0	0	0	1
92.54	-0.60116	0	0	0	1
92.638	-0.58307	0	0	0	1
92.737	-0.56524	0	0	0	1
92.835	-0.54773	0	0	0	1
92.934	-0.53023	0	0	0	1
93.032	-0.51328	0	0	0	1
93.131	-0.49651	0	0	0	1
93.229	-0.47995	0	0	0	1
93.328	-0.46346	0	0	0	1
93.427	-0.44755	0	0	0	1
93.526	-0.43194	0	0	0	1
93.624	-0.41638	0	0	0	1
93.723	-0.40128	0	0	0	1
93.822	-0.38634	0	0	0	1
93.921	-0.37159	0	0	0	1
94.02	-0.35689	0	0	0	1
94.119	-0.34237	0	0	0	1
94.218	-0.32839	0	0	0	1
94.317	-0.31449	0	0	0	1
94.416	-0.30072	0	0	0	1
94.515	-0.28717	0	0	0	1
94.614	-0.27378	0	0	0	1
94.713	-0.26055	0	0	0	1
94.812	-0.24789	0	0	0	1
94.912	-0.23555	0	0	0	1
95.011	-0.22341	0	0	0	1
95.11	-0.21204	0	0	0	1
95.21	-0.20128	0	0	0	1
95.309	-0.19073	0	0	0	1
95.409	-0.18082	0	0	0	1
95.508	-0.17106	0	0	0	1
95.608	-0.16196	0	0	0	1
95.707	-0.15326	0	0	0	1
95.807	-0.14492	0	0	0	1
95.907	-0.13692	0	0	0	1
96.006	-0.12938	0	0	0	1
96.106	-0.12249	0	0	0	1
96.206	-0.1161	0	0	0	1
96.306	-0.10998	0	0	0	1
96.405	-0.10448	0	0	0	1
96.505	-0.099267	0	0	0	1
96.605	-0.094483	0	0	0	1
96.705	-0.090107	0	0	0	1
96.805	-0.086149	0	0	0	1
96.905	-0.082408	0	0	0	1
97.005	-0.078972	0	0	0	1
97.105	-0.075741	0	0	0	1
97.205	-0.072743	0	0	0	1
97.305	-0.070075	0	0	0	1
97.405	-0.06775	0	0	0	1
97.505	-0.065713	0	0	0	1
97.605	-0.064022	0	0	0	1
97.705	-0.062179	0	0	0	1
97.805	-0.060773	0	0	0	1
97.905	-0.05944	0	0	0	1
98.005	-0.058361	0	0	0	1
98.105	-0.057429	0	0	0	1
98.205	-0.056473	0	0	0	1
98.305	-0.055729	0	0	0	1
98.405	-0.054831	0	0	0	1
98.505	-0.0542	0	0	0	1
98.604	-0.053358	0	0	0	1
98.704	-0.052785	0	0	0	1
98.804	-0.052205	0	0	0	1
98.904	-0.052237	0	0	0	1
99.004	-0.052382	0	0	0	1
99.104	-0.052595	0	0	0	1
99.204	-0.052963	0	0	0	1
99.304	-0.053431	0	0	0	1
99.404	-0.053953	0	0	0	1
99.504	-0.054636	0	0	0	1
99.604	-0.055112	0	0	0	1
99.704	-0.055861	0	0	0	1
99.804	-0.0563	0	0	0	1
99.904	-0.056652	0	0	0	1
100	-0.056735	0	0	0	1
100.1	-0.056714	0	0	0	1
100.2	-0.056814	0	0	0	1
100.3	-0.056855	0	0	0	1
100.4	-0.057039	0	0	0	1
100.5	-0.057294	0	0	0	1
100.6	-0.057795	0	0	0	1
100.7	-0.058086	0	0	0	1
100.8	-0.058208	0	0	0	1
100.9	-0.058258	0	0	0	1
101	-0.05831	0	0	0	1
101.1	-0.058537	0	0	0	1
101.2	-0.058509	0	0	0	1
101.3	-0.058441	0	0	0	1
101.4	-0.058037	0	0	0	1
101.5	-0.057879	0	0	0	1
101.6	-0.057577	0	0	0	1
101.7	-0.057553	0	0	0	1
101.8	-0.057447	0	0	0	1
101.9	-0.05743	0	0	0	1
102	-0.057575	0	0	0	1
102.1	-0.057312	0	0	0	1
102.2	-0.057049	0	0	0	1
102.3	-0.05675	0	0	0	1
102.4	-0.056477	0	0	0	1
102.5	-0.056361	0	0	0	1
102.6	-0.05616	0	0	0	1
102.7	-0.055872	0	0	0	1
102.8	-0.055642	0	0	0	1
102.9	-0.055494	0	0	0	1
103	-0.055219	0	0	0	1
103.1	-0.05492	0	0	0	1
103.2	-0.054827	0	0	0	1
103.3	-0.054972	0	0	0	1
103.4	-0.054916	0	0	0	1
103.5	-0.054769	0	0	0	1
103.6	-0.054374	0	0	0	1
103.7	-0.053953	0	0	0	1
103.8	-0.053512	0	0	0	1
103.9	-0.052975	0	0	0	1
104	-0.052586	0	0	0	1
104.1	-0.052091	0	0	0	1
104.2	-0.051747	0	0	0	1
104.3	-0.051385	0	0	0	1
104.4	-0.050825	0	0	0	1
104.5	-0.05047	0	0	0	1
104.6	-0.050165	0	0	0	1
104.7	-0.050074	0	0	0	1
104.8	-0.049795	0	0	0	1
104.9	-0.049273	0	0	0	1
105	-0.048929	0	0	0	1
105.1	-0.048466	0	0	0	1
105.2	-0.048061	0	0	0	1
105.3	-0.047659	0	0	0	1
105.4	-0.047315	0	0	0	1
105.5	-0.046791	0	0	0	1
105.6	-0.045958	0	0	0	1
105.7	-0.045149	0	0	0	1
105.8	-0.044484	0	0	0	1
105.9	-0.044105	0	0	0	1
106	-0.043581	0	0	0	1
106.1	-0.043443	0	0	0	1
106.2	-0.043496	0	0	0	1
106.3	-0.043465	0	0	0	1
106.4	-0.043559	0	0	0	1
106.5	-0.043625	0	0	0	1
106.6	-0.04354	0	0	0	1
106.7	-0.043039	0	0	0	1
106.8	-0.042494	0	0	0	1
106.9	-0.041995	0	0	0	1
107	-0.0419	0	0	0	1
107.1	-0.041933	0	0	0	1
107.2	-0.042099	0	0	0	1
107.3	-0.041963	0	0	0	1
107.4	-0.042027	0	0	0	1
107.5	-0.0422	0	0	0	1
107.6	-0.042595	0	0	0	1
107.7	-0.042867	0	0	0	1
107.8	-0.043055	0	0	0	1
107.9	-0.042957	0	0	0	1
108	-0.042725	0	0	0	1
108.1	-0.042427	0	0	0	1
108.2	-0.042155	0	0	0	1
108.3	-0.041923	0	0	0	1
108.4	-0.042027	0	0	0	1
108.5	-0.042294	0	0	0	1
108.6	-0.042234	0	0	0	1
108.7	-0.042221	0	0	0	1
108.8	-0.042066	0	0	0	1
108.9	-0.04205	0	0	0	1
109	-0.042326	0	0	0	1
109.1	-0.042505	0	0	0	1
109.2	-0.042608	0	0	0	1
109.3	-0.042569	0	0	0	1
109.4	-0.042626	0	0	0	1
109.5	-0.042672	0	0	0	1
109.6	-0.042891	0	0	0	1
109.7	-0.043198	0	0	0	1
109.8	-0.043786	0	0	0	1
109.9	-0.044386	0	0	0	1
110	-0.044868	0	0	0	1
110.1	-0.045209	0	0	0	1
110.2	-0.045563	0	0	0	1
110.3	-0.045714	0	0	0	1
110.4	-0.04609	0	0	0	1
110.5	-0.046307	0	0	0	1
110.6	-0.04642	0	0	0	1
110.7	-0.046399	0	0	0	1
110.8	-0.046366	0	0	0	1
110.9	-0.046501	0	0	0	1
111	-0.046699	0	0	0	1
111.1	-0.046796	0	0	0	1
111.2	-0.047082	0	0	0	1
111.3	-0.04725	0	0	0	1
111.4	-0.047442	0	0	0	1
111.5	-0.047332	0	0	0	1
111.6	-0.047194	0	0	0	1
111.7	-0.047018	0	0	0	1
111.8	-0.046921	0	0	0	1
111.9	-0.046658	0	0	0	1
112	-0.04646	0	0	0	1
112.1	-0.045984	0	0	0	1
112.2	-0.045472	0	0	0	1
112.3	-0.044919	0	0	0	1
112.4	-0.044492	0	0	0	1
112.5	-0.044212	0	0	0	1
112.6	-0.043886	0	0	0	1
112.7	-0.043383	0	0	0	1
112.8	-0.043008	0	0	0	1
112.9	-0.04255	0	0	0	1
113	-0.042102	0	0	0	1
113.1	-0.041478	0	0	0	1
113.2	-0.040848	0	0	0	1
113.3	-0.040198	0	0	0	1
113.4	-0.039583	0	0	0	1
113.5	-0.038941	0	0	0	1
113.6	-0.038103	0	0	0	1
113.7	-0.037227	0	0	0	1
113.8	-0.036579	0	0	0	1
113.9	-0.036053	0	0	0	1
114	-0.035544	0	0	0	1
114.1	-0.034959	0	0	0	1
114.2	-0.034622	0	0	0	1
114.3	-0.03447	0	0	0	1
114.4	-0.034226	0	0	0	1
114.5	-0.033976	0	0	0	1
114.6	-0.033659	0	0	0	1
114.7	-0.033458	0	0	0	1
114.8	-0.033184	0	0	0	1
114.9	-0.032842	0	0	0	1
115	-0.032797	0	0	0	1
115.1	-0.032768	0	0	0	1
115.2	-0.032614	0	0	0	1
115.3	-0.032686	0	0	0	1
115.4	-0.03268	0	0	0	1
115.5	-0.032288	0	0	0	1
115.6	-0.032326	0	0	0	1
115.7	-0.032432	0	0	0	1
115.8	-0.032579	0	0	0	1
115.9	-0.032639	0	0	0	1
116	-0.032542	0	0	0	1
116.1	-0.032386	0	0	0	1
116.2	-0.032378	0	0	0	1
116.3	-0.032503	0	0	0	1
116.4	-0.032711	0	0	0	1
116.5	-0.032662	0	0	0	1
116.6	-0.032422	0	0	0	1
116.7	-0.032276	0	0	0	1
116.8	-0.032065	0	0	0	1
116.9	-0.031833	0	0	0	1
117	-0.031621	0	0	0	1
117.1	-0.031456	0	0	0	1
117.2	-0.031591	0	0	0	1
117.3	-0.031815	0	0	0	1
117.4	-0.032137	0	0	0	1
117.5	-0.032421	0	0	0	1
117.6	-0.032719	0	0	0	1
117.7	-0.032996	0	0	0	1
117.8	-0.033444	0	0	0	1
117.9	-0.033858	0	0	0	1
118	-0.034378	0	0	0	1
118.1	-0.034936	0	0	0	1
118.2	-0.035257	0	0	0	1
118.3	-0.035765	0	0	0	1
118.4	-0.036145	0	0	0	1
118.5	-0.036759	0	0	0	1
118.6	-0.037462	0	0	0	1
118.7	-0.038394	0	0	0	1
118.8	-0.039139	0	0	0	1
118.9	-0.039943	0	0	0	1
119	-0.04074	0	0	0	1
119.1	-0.04154	0	0	0	1
119.2	-0.042482	0	0	0	1
119.3	-0.043181	0	0	0	1
119.4	-0.043811	0	0	0	1
119.5	-0.044239	0	0	0	1
119.6	-0.044587	0	0	0	1
119.7	-0.044923	0	0	0	1
119.8	-0.045302	0	0	0	1
119.9	-0.045747	0	0	0	1
120	-0.046164	0	0	0	1
120.1	-0.046565	0	0	0	1
120.2	-0.047171	0	0	0	1
120.3	-0.04755	0	0	0	1
120.4	-0.048013	0	0	0	1
120.5	-0.048294	0	0	0	1
120.6	-0.048694	0	0	0	1
120.7	-0.04884	0	0	0	1
120.8	-0.048722	0	0	0	1
120.9	-0.048585	0	0	0	1
121	-0.048656	0	0	0	1
121.1	-0.048575	0	0	0	1
121.2	-0.048669	0	0	0	1
121.3	-0.048871	0	0	0	1
121.4	-0.049129	0	0	0	1
121.5	-0.049226	0	0	0	1
121.6	-0.049091	0	0	0	1
121.7	-0.049019	0	0	0	1
121.8	-0.04882	0	0	0	1
121.9	-0.04852	0	0	0	1
122	-0.048066	0	0	0	1
122.1	-0.047601	0	0	0	1
122.2	-0.047105	0	0	0	1
122.3	-0.046744	0	0	0	1
122.4	-0.046484	0	0	0	1
122.5	-0.046302	0	0	0	1
122.6	-0.046137	0	0	0	1
122.7	-0.045815	0	0	0	1
122.8	-0.04557	0	0	0	1
122.9	-0.045338	0	0	0	1
123	-0.04506	0	0	0	1
123.1	-0.044901	0	0	0	1
123.2	-0.044634	0	0	0	1
123.3	-0.044457	0	0	0	1
123.4	-0.044232	0	0	0	1
123.5	-0.044017	0	0	0	1
123.6	-0.043546	0	0	0	1
123.7	-0.043293	0	0	0	1
123.8	-0.043035	0	0	0	1
123.9	-0.042613	0	0	0	1
124	-0.042272	0	0	0	1
124.1	-0.041995	0	0	0	1
124.2	-0.04171	0	0	0	1
124.3	-0.04131	0	0	0	1
124.4	-0.040913	0	0	0	1
124.5	-0.040492	0	0	0	1
124.6	-0.040172	0	0	0	1
124.7	-0.039942	0	0	0	1
124.8	-0.039551	0	0	0	1
124.9	-0.039293	0	0	0	1
125	-0.038923	0	0	0	1
125.1	-0.038564	0	0	0	1
125.2	-0.038091	0	0	0	1
125.3	-0.037733	0	0	0	1
125.4	-0.037039	0	0	0	1
125.5	-0.036818	0	0	0	1
125.6	-0.036272	0	0	0	1
125.7	-0.035845	0	0	0	1
125.8	-0.03499	0	0	0	1
125.9	-0.034381	0	0	0	1
126	-0.033742	0	0	0	1
126.1	-0.033236	0	0	0	1
126.2	-0.032549	0	0	0	1
126.3	-0.031896	0	0	0	1
126.4	-0.031327	0	0	0	1
126.5	-0.030712	0	0	0	1
126.6	-0.03011	0	0	0	1
126.7	-0.029523	0	0	0	1
126.8	-0.029142	0	0	0	1
126.9	-0.02901	0	0	0	1
127	-0.028992	0	0	0	1
127.1	-0.028916	0	0	0	1
127.2	-0.029128	0	0	0	1
127.3	-0.029053	0	0	0	1
127.4	-0.028641	0	0	0	1
127.5	-0.028187	0	0	0	1
127.6	-0.027729	0	0	0	1
127.7	-0.027272	0	0	0	1
127.8	-0.027099	0	0	0	1
127.9	-0.027055	0	0	0	1
128	-0.02743	0	0	0	1
128.1	-0.028122	0	0	0	1
128.2	-0.029054	0	0	0	1
128.3	-0.030243	0	0	0	1
128.4	-0.031818	0	0	0	1
128.5	-0.033546	0	0	0	1
128.6	-0.035379	0	0	0	1
128.7	-0.037172	0	0	0	1
128.8	-0.039003	0	0	0	1
128.9	-0.040845	0	0	0	1
129	-0.042729	0	0	0	1
129.1	-0.044812	0	0	0	1
129.2	-0.047426	0	0	0	1
129.3	-0.050413	0	0	0	1
129.4	-0.053696	0	0	0	1
129.5	-0.05749	0	0	0	1
129.6	-0.061683	0	0	0	1
129.7	-0.066147	0	0	0	1
129.8	-0.070974	0	0	0	1
129.9	-0.075888	0	0	0	1
130	-0.081098	0	0	0	1
130.1	-0.086583	0	0	0	1
130.2	-0.092315	0	0	0	1
130.3	-0.098476	0	0	0	1
130.4	-0.10498	0	0	0	1
130.5	-0.11205	0	0	0	1
130.6	-0.11962	0	0	0	1
130.7	-0.12774	0	0	0	1
130.8	-0.13648	0	0	0	1
130.9	-0.14601	0	0	0	1
131	-0.15579	0	0	0	1
131.1	-0.16604	0	0	0	1
131.2	-0.17657	0	0	0	1
131.3	-0.18761	0	0	0	1
131.4	-0.199	0	0	0	1
131.5	-0.21068	0	0	0	1
131.6	-0.22273	0	0	0	1
131.69	-0.23511	0	0	0	1
131.79	-0.24785	0	0	0	1
131.89	-0.26102	0	0	0	1
131.99	-0.2748	0	0	0	1
132.09	-0.28943	0	0	0	1
132.19	-0.30469	0	0	0	1
132.29	-0.32053	0	0	0	1
132.39	-0.33699	0	0	0	1
132.49	-0.35387	0	0	0	1
132.58	-0.3714	0	0	0	1
132.68	-0.38941	0	0	0	1
132.78	-0.40809	0	0	0	1
132.88	-0.42728	0	0	0	1
132.98	-0.44685	0	0	0	1
133.07	-0.46697	0	0	0	1
133.17	-0.48751	0	0	0	1
133.27	-0.50862	0	0	0	1
133.37	-0.53027	0	0	0	1
133.47	-0.5525	0	0	0	1
133.56	-0.57537	0	0	0	1
133.66	-0.59869	0	0	0	1
133.76	-0.62264	0	0	0	1
133.85	-0.64724	0	0	0	1
133.95	-0.67248	0	0	0	1
134.05	-0.6981	0	0	0	1
134.14	-0.72404	0	0	0	1
134.24	-0.75031	0	0	0	1
134.34	-0.77703	0	0	0	1
134.43	-0.80427	0	0	0	1
134.53	-0.83216	0	0	0	1
134.62	-0.86076	0	0	0	1
134.72	-0.88982	0	0	0	1
134.82	-0.91946	0	0	0	1
134.91	-0.94958	0	0	0	1
135.01	-0.98005	0	0	0	1
135.1	-1.0112	0	0	0	1
135.2	-1.0429	0	0	0	1
135.29	-1.0753	0	0	0	1
135.39	-1.108	0	0	0	1
135.48	-1.1409	0	0	0	1
135.57	-1.1739	0	0	0	1
135.67	-1.2074	0	0	0	1
135.76	-1.2417	0	0	0	1
135.86	-1.2766	0	0	0	1
135.95	-1.3119	0	0	0	1
136.04	-1.3476	0	0	0	1
136.14	-1.3833	0	0	0	1
136.23	-1.4193	0	0	0	1
136.32	-1.4558	0	0	0	1
136.42	-1.4928	0	0	0	1
136.51	-1.5304	0	0	0	1
136.6	-1.5684	0	0	0	1
136.69	-1.6065	0	0	0	1
136.79	-1.6449	0	0	0	1
136.88	-1.6839	0	0	0	1
136.97	-1.7235	0	0	0	1
137.06	-1.7637	0	0	0	1
137.15	-1.8042	0	0	0	1
137.24	-1.8446	0	0	0	1
137.34	-1.8855	0	0	0	1
137.43	-1.9268	0	0	0	1
137.52	-1.9684	0	0	0	1
137.61	-2.0109	0	0	0	1
137.7	-2.0537	0	0	0	1
137.79	-2.0972	0	0	0	1
137.88	-2.141	0	0	0	1
137.97	-2.1854	0	0	0	1
138.06	-2.23	0	0	0	1
138.15	-2.2749	0	0	0	1
138.24	-2.3207	0	0	0	1
138.32	-2.3668	0	0	0	1
138.41	-2.4134	0	0	0	1
138.5	-2.4603	0	0	0	1
138.59	-2.5076	0	0	0	1
138.68	-2.5554	0	0	0	1
138.76	-2.6039	0	0	0	1
138.85	-2.6529	0	0	0	1
138.94	-2.7023	0	0	0	1
139.02	-2.7521	0	0	0	1
139.11	-2.8026	0	0	0	1
139.2	-2.8534	0	0	0	1
139.28	-2.9044	0	0	0	1
139.37	-2.9558	0	0	0	1
139.45	-3.0078	0	0	0	1
139.54	-3.0604	0	0	0	1
139.62	-3.1133	0	0	0	1
139.71	-3.1667	0	0	0	1
139.79	-3.2207	0	0	0	1
139.88	-3.2751	0	0	0	1
139.96	-3.3296	0	0	0	1
140.04	-3.3846	0	0	0	1
140.13	-3.4401	0	0	0	1
140.21	-3.4963	0	0	0	1
140.29	-3.553	0	0	0	1
140.37	-3.6101	0	0	0	1
140.46	-3.6677	0	0	0	1
140.54	-3.7258	0	0	0	1
140.62	-3.7842	0	0	0	1
140.7	-3.843	0	0	0	1
140.78	-3.9025	0	0	0	1
140.86	-3.9623	0	0	0	1
140.94	-4.0228	0	0	0	1
141.02	-4.0835	0	0	0	1
141.1	-4.1447	0	0	0	1
141.18	-4.2062	0	0	0	1
141.26	-4.268	0	0	0	1
141.33	-4.3305	0	0	0	1
141.41	-4.3935	0	0	0	1
141.49	-4.4566	0	0	0	1
141.57	-4.5203	0	0	0	1
141.64	-4.5842	0	0	0	1
141.72	-4.6485	0	0	0	1
141.8	-4.7132	0	0	0	1
141.87	-4.7785	0	0	0	1
141.95	-4.8441	0	0	0	1
142.02	-4.9095	0	0	0	1
142.1	-4.9749	0	0	0	1
142.17	-5.0405	0	0	0	1
142.25	-5.1068	0	0	0	1
142.32	-5.1735	0	0	0	1
142.4	-5.2403	0	0	0	1
142.47	-5.3073	0	0	0	1
142.55	-5.3748	0	0	0	1
142.62	-5.4427	0	0	0	1
142.69	-5.5113	0	0	0	1
142.76	-5.5805	0	0	0	1
142.84	-5.65	0	0	0	1
142.91	-5.7196	0	0	0	1
142.98	-5.7897	0	0	0	1
143.05	-5.8599	0	0	0	1
143.12	-5.9305	0	0	0	1
143.19	-6.0015	0	0	0	1
143.26	-6.0728	0	0	0	1
143.33	-6.1445	0	0	0	1
143.4	-6.2165	0	0	0	1
143.47	-6.2887	0	0	0	1
143.54	-6.3616	0	0	0	1
143.61	-6.4349	0	0	0	1
143.67	-6.5088	0	0	0	1
143.74	-6.583	0	0	0	1
143.81	-6.6575	0	0	0	1
143.87	-6.7326	0	0	0	1
143.94	-6.8079	0	0	0	1
144	-6.8835	0	0	0	1
144.07	-6.9594	0	0	0	1
144.13	-7.0355	0	0	0	1
144.2	-7.112	0	0	0	1
144.26	-7.1888	0	0	0	1
144.33	-7.266	0	0	0	1
144.39	-7.3438	0	0	0	1
144.45	-7.4219	0	0	0	1
144.51	-7.5002	0	0	0	1
144.58	-7.5788	0	0	0	1
144.64	-7.6575	0	0	0	1
144.7	-7.7363	0	0	0	1
144.76	-7.8156	0	0	0	1
144.82	-7.8953	0	0	0	1
144.88	-7.9753	0	0	0	1
144.94	-8.0557	0	0	0	1
145	-8.1363	0	0	0	1
145.06	-8.2174	0	0	0	1
145.11	-8.2988	0	0	0	1
145.17	-8.3804	0	0	0	1
145.23	-8.4621	0	0	0	1
145.29	-8.5439	0	0	0	1
145.35	-8.6257	0	0	0	1
145.4	-8.7075	0	0	0	1
145.46	-8.7895	0	0	0	1
145.52	-8.872	0	0	0	1
145.57	-8.9551	0	0	0	1
145.63	-9.0388	0	0	0	1
145.68	-9.1231	0	0	0	1
145.73	-9.2072	0	0	0	1
145.79	-9.2919	0	0	0	1
145.84	-9.3765	0	0	0	1
145.89	-9.4617	0	0	0	1
145.95	-9.547	0	0	0	1
146	-9.6325	0	0	0	1
146.05	-9.7181	0	0	0	1
146.1	-9.8038	0	0	0	1
146.15	-9.8897	0	0	0	1
146.2	-9.9759	0	0	0	1
146.25	-10.062	0	0	0	1
146.3	-10.149	0	0	0	1
146.35	-10.237	0	0	0	1
146.4	-10.324	0	0	0	1
146.45	-10.412	0	0	0	1
146.49	-10.5	0	0	0	1
146.54	-10.588	0	0	0	1
146.59	-10.676	0	0	0	1
146.63	-10.765	0	0	0	1
146.68	-10.854	0	0	0	1
146.73	-10.942	0	0	0	1
146.77	-11.031	0	0	0	1
146.82	-11.12	0	0	0	1
146.86	-11.21	0	0	0	1
146.91	-11.299	0	0	0	1
146.95	-11.389	0	0	0	1
146.99	-11.479	0	0	0	1
147.04	-11.57	0	0	0	1
147.08	-11.66	0	0	0	1
147.12	-11.751	0	0	0	1
147.16	-11.842	0	0	0	1
147.2	-11.933	0	0	0	1
147.25	-12.024	0	0	0	1
147.29	-12.116	0	0	0	1
147.33	-12.208	0	0	0	1
147.37	-12.299	0	0	0	1
147.4	-12.391	0	0	0	1
147.44	-12.484	0	0	0	1
147.48	-12.576	0	0	0	1
147.52	-12.669	0	0	0	1
147.55	-12.762	0	0	0	1
147.59	-12.856	0	0	0	1
147.63	-12.949	0	0	0	1
147.66	-13.043	0	0	0	1
147.7	-13.136	0	0	0	1
147.73	-13.23	0	0	0	1
147.76	-13.325	0	0	0	1
147.8	-13.419	0	0	0	1
147.83	-13.514	0	0	0	1
147.86	-13.609	0	0	0	1
147.89	-13.704	0	0	0	1
147.92	-13.799	0	0	0	1
147.95	-13.894	0	0	0	1
147.98	-13.99	0	0	0	1
148.01	-14.085	0	0	0	1
148.04	-14.181	0	0	0	1
148.07	-14.277	0	0	0	1
148.09	-14.373	0	0	0	1
148.12	-14.469	0	0	0	1
148.15	-14.566	0	0	0	1
148.17	-14.662	0	0	0	1
148.2	-14.759	0	0	0	1
148.23	-14.855	0	0	0	1
148.25	-14.952	0	0	0	1
148.28	-15.049	0	0	0	1
148.3	-15.146	0	0	0	1
148.32	-15.244	0	0	0	1
148.35	-15.341	0	0	0	1
148.37	-15.438	0	0	0	1
148.39	-15.536	0	0	0	1
148.41	-15.633	0	0	0	1
148.43	-15.731	0	0	0	1
148.45	-15.829	0	0	0	1
148.47	-15.927	0	0	0	1
148.49	-16.025	0	0	0	1
148.51	-16.123	0	0	0	1
148.53	-16.221	0	0	0	1
148.55	-16.319	0	0	0	1
148.57	-16.418	0	0	0	1
148.59	-16.516	0	0	0	1
148.6	-16.614	0	0	0	1
148.62	-16.713	0	0	0	1
148.64	-16.812	0	0	0	1
148.65	-16.91	0	0	0	1
148.67	-17.009	0	0	0	1
148.68	-17.108	0	0	0	1
148.7	-17.207	0	0	0	1
148.71	-17.306	0	0	0	1
148.72	-17.405	0	0	0	1
148.74	-17.504	0	0	0	1
148.75	-17.604	0	0	0	1
148.76	-17.703	0	0	0	1
148.77	-17.802	0	0	0	1
148.78	-17.902	0	0	0	1
148.8	-18.001	0	0	0	1
148.81	-18.1	0	0	0	1
148.81	-18.2	0	0	0	1
148.82	-18.3	0	0	0	1
148.83	-18.399	0	0	0	1
148.84	-18.499	0	0	0	1
148.85	-18.599	0	0	0	1
148.86	-18.698	0	0	0	1
148.86	-18.798	0	0	0	1
148.87	-18.898	0	0	0	1
148.88	-18.998	0	0	0	1
148.88	-19.097	0	0	0	1
148.89	-19.197	0	0	0	1
148.89	-19.297	0	0	0	1
148.9	-19.397	0	0	0	1
148.9	-19.497	0	0	0	1
148.9	-19.597	0	0	0	1
148.91	-19.697	0	0	0	1
148.91	-19.797	0	0	0	1
148.91	-19.897	0	0	0	1
148.91	-19.997	0	0	0	1
148.91	-20.097	0	0	0	1
148.91	-20.197	0	0	0	1
148.91	-20.297	0	0	0	1
148.91	-20.397	0	0	0	1
148.91	-20.497	0	0	0	1
148.91	-20.597	0	0	0	1
148.91	-20.697	0	0	0	1
148.91	-20.797	0	0	0	1
148.9	-20.896	0	0	0	1
148.9	-20.996	0	0	0	1
148.89	-21.096	0	0	0	1
148.89	-21.196	0	0	0	1
148.88	-21.296	0	0	0	1
148.88	-21.396	0	0	0	1
148.87	-21.496	0	0	0	1
148.87	-21.595	0	0	0	1
148.86	-21.695	0	0	0	1
148.85	-21.795	0	0	0	1
148.84	-21.894	0	0	0	1
148.83	-21.994	0	0	0	1
148.82	-22.094	0	0	0	1
148.81	-22.193	0	0	0	1
148.8	-22.293	0	0	0	1
148.79	-22.392	0	0	0	1
148.78	-22.491	0	0	0	1
148.77	-22.59	0	0	0	1
148.76	-22.69	0	0	0	1
148.74	-22.789	0	0	0	1
148.73	-22.888	0	0	0	1
148.71	-22.987	0	0	0	1
148.7	-23.085	0	0	0	1
148.68	-23.184	0	0	0	1
148.67	-23.283	0	0	0	1
148.65	-23.381	0	0	0	1
148.63	-23.48	0	0	0	1
148.62	-23.578	0	0	0	1
148.6	-23.677	0	0	0	1
148.58	-23.775	0	0	0	1
148.56	-23.873	0	0	0	1
148.54	-23.971	0	0	0	1
148.52	-24.069	0	0	0	1
148.5	-24.167	0	0	0	1
148.48	-24.265	0	0	0	1
148.46	-24.363	0	0	0	1
148.44	-24.461	0	0	0	1
148.42	-24.558	0	0	0	1
148.39	-24.656	0	0	0	1
148.37	-24.753	0	0	0	1
148.35	-24.85	0	0	0	1
148.32	-24.947	0	0	0	1
148.3	-25.044	0	0	0	1
148.27	-25.141	0	0	0	1
148.25	-25.238	0	0	0	1
148.22	-25.334	0	0	0	1
148.2	-25.431	0	0	0	1
148.17	-25.527	0	0	0	1
148.14	-25.623	0	0	0	1
148.12	-25.72	0	0	0	1
148.09	-25.816	0	0	0	1
148.06	-25.911	0	0	0	1
148.03	-26.007	0	0	0	1
148	-26.103	0	0	0	1
147.97	-26.198	0	0	0	1
147.94	-26.293	0	0	0	1
147.91	-26.388	0	0	0	1
147.88	-26.483	0	0	0	1
147.84	-26.578	0	0	0	1
147.81	-26.672	0	0	0	1
147.78	-26.766	0	0	0	1
147.74	-26.861	0	0	0	1
147.71	-26.954	0	0	0	1
147.68	-27.048	0	0	0	1
147.64	-27.142	0	0	0	1
147.6	-27.235	0	0	0	1
147.57	-27.328	0	0	0	1
147.53	-27.421	0	0	0	1
147.49	-27.514	0	0	0	1
147.46	-27.607	0	0	0	1
147.42	-27.699	0	0	0	1
147.38	-27.792	0	0	0	1
147.34	-27.884	0	0	0	1
147.3	-27.976	0	0	0	1
147.26	-28.068	0	0	0	1
147.22	-28.16	0	0	0	1
147.18	-28.251	0	0	0	1
147.14	-28.342	0	0	0	1
147.1	-28.433	0	0	0	1
147.06	-28.524	0	0	0	1
147.02	-28.615	0	0	0	1
146.97	-28.705	0	0	0	1
146.93	-28.796	0	0	0	1
146.89	-28.886	0	0	0	1
146.84	-28.976	0	0	0	1
146.8	-29.065	0	0	0	1
146.76	-29.155	0	0	0	1
146.71	-29.244	0	0	0	1
146.67	-29.333	0	0	0	1
146.62	-29.422	0	0	0	1
146.57	-29.511	0	0	0	1
146.53	-29.599	0	0	0	1
146.48	-29.687	0	0	0	1
146.43	-29.775	0	0	0	1
146.38	-29.862	0	0	0	1
146.33	-29.95	0	0	0	1
146.28	-30.037	0	0	0	1
146.23	-30.123	0	0	0	1
146.18	-30.21	0	0	0	1
146.13	-30.296	0	0	0	1
146.08	-30.382	0	0	0	1
146.03	-30.467	0	0	0	1
145.98	-30.552	0	0	0	1
145.93	-30.637	0	0	0	1
145.87	-30.722	0	0	0	1
145.82	-30.806	0	0	0	1
145.77	-30.891	0	0	0	1
145.71	-30.975	0	0	0	1
145.66	-31.059	0	0	0	1
145.6	-31.142	0	0	0	1
145.55	-31.226	0	0	0	1
145.49	-31.309	0	0	0	1
145.44	-31.392	0	0	0	1
145.38	-31.475	0	0	0	1
145.32	-31.557	0	0	0	1
145.27	-31.639	0	0	0	1
145.21	-31.721	0	0	0	1
145.15	-31.802	0	0	0	1
145.09	-31.883	0	0	0	1
145.03	-31.965	0	0	0	1
144.98	-32.046	0	0	0	1
144.92	-32.127	0	0	0	1
144.86	-32.208	0	0	0	1
144.8	-32.288	0	0	0	1
144.74	-32.368	0	0	0	1
144.68	-32.448	0	0	0	1
144.62	-32.527	0	0	0	1
144.55	-32.605	0	0	0	1
144.49	-32.683	0	0	0	1
144.43	-32.761	0	0	0	1
144.37	-32.838	0	0	0	1
144.3	-32.915	0	0	0	1
144.24	-32.992	0	0	0	1
144.17	-33.068	0	0	0	1
144.11	-33.144	0	0	0	1
144.04	-33.22	0	0	0	1
143.98	-33.295	0	0	0	1
143.91	-33.37	0	0	0	1
143.84	-33.445	0	0	0	1
143.78	-33.519	0	0	0	1
143.71	-33.593	0	0	0	1
143.64	-33.666	0	0	0	1
143.57	-33.739	0	0	0	1
143.51	-33.812	0	0	0	1
143.44	-33.885	0	0	0	1
143.37	-33.957	0	0	0	1
143.3	-34.029	0	0	0	1
143.23	-34.101	0	0	0	1
143.16	-34.172	0	0	0	1
143.09	-34.243	0	0	0	1
143.02	-34.314	0	0	0	1
142.95	-34.384	0	0	0	1
142.87	-34.454	0	0	0	1
142.8	-34.523	0	0	0	1
142.73	-34.592	0	0	0	1
142.66	-34.66	0	0	0	1
142.58	-34.729	0	0	0	1
142.51	-34.797	0	0	0	1
142.44	-34.865	0	0	0	1
142.36	-34.932	0	0	0	1
142.29	-34.999	0	0	0	1
142.21	-35.065	0	0	0	1
142.14	-35.132	0	0	0	1
142.06	-35.198	0	0	0	1
141.99	-35.263	0	0	0	1
141.91	-35.328	0	0	0	1
141.84	-35.393	0	0	0	1
141.76	-35.457	0	0	0	1
141.68	-35.521	0	0	0	1
141.61	-35.584	0	0	0	1
141.53	-35.647	0	0	0	1
141.45	-35.71	0	0	0	1
141.37	-35.773	0	0	0	1
141.29	-35.834	0	0	0	1
141.22	-35.896	0	0	0	1
141.14	-35.957	0	0	0	1
141.06	-36.018	0	0	0	1
140.98	-36.078	0	0	0	1
140.9	-36.138	0	0	0	1
140.82	-36.198	0	0	0	1
140.74	-36.257	0	0	0	1
140.66	-36.316	0	0	0	1
140.57	-36.375	0	0	0	1
140.49	-36.433	0	0	0	1
140.41	-36.491	0	0	0	1
140.33	-36.548	0	0	0	1
140.25	-36.605	0	0	0	1
140.16	-36.661	0	0	0	1
140.08	-36.718	0	0	0	1
140	-36.773	0	0	0	1
139.92	-36.828	0	0	0	1
139.83	-36.883	0	0	0	1
139.75	-36.938	0	0	0	1
139.66	-36.992	0	0	0	1
139.58	-37.045	0	0	0	1
139.49	-37.098	0	0	0	1
139.41	-37.151	0	0	0	1
139.32	-37.203	0	0	0	1
139.24	-37.255	0	0	0	1
139.15	-37.306	0	0	0	1
139.07	-37.356	0	0	0	1
138.98	-37.406	0	0	0	1
138.89	-37.456	0	0	0	1
138.81	-37.506	0	0	0	1
138.72	-37.555	0	0	0	1
138.63	-37.603	0	0	0	1
138.54	-37.651	0	0	0	1
138.46	-37.699	0	0	0	1
138.37	-37.746	0	0	0	1
138.28	-37.793	0	0	0	1
138.19	-37.839	0	0	0	1
138.1	-37.885	0	0	0	1
138.01	-37.93	0	0	0	1
137.92	-37.975	0	0	0	1
137.83	-38.019	0	0	0	1
137.74	-38.063	0	0	0	1
137.65	-38.107	0	0	0	1
137.56	-38.15	0	0	0	1
137.47	-38.193	0	0	0	1
137.38	-38.236	0	0	0	1
137.29	-38.278	0	0	0	1
137.2	-38.32	0	0	0	1
137.11	-38.361	0	0	0	1
137.02	-38.402	0	0	0	1
136.93	-38.442	0	0	0	1
136.84	-38.482	0	0	0	1
136.74	-38.522	0	0	0	1
136.65	-38.561	0	0	0	1
136.56	-38.6	0	0	0	1
136.47	-38.639	0	0	0	1
136.38	-38.677	0	0	0	1
136.28	-38.715	0	0	0	1
136.19	-38.752	0	0	0	1
136.1	-38.789	0	0	0	1
136	-38.825	0	0	0	1
135.91	-38.861	0	0	0	1
135.82	-38.897	0	0	0	1
135.72	-38.931	0	0	0	1
135.63	-38.966	0	0	0	1
135.54	-39	0	0	0	1
135.44	-39.033	0	0	0	1
135.35	-39.066	0	0	0	1
135.25	-39.099	0	0	0	1
135.16	-39.131	0	0	0	1
135.06	-39.163	0	0	0	1
134.97	-39.194	0	0	0	1
134.87	-39.225	0	0	0	1
134.78	-39.255	0	0	0	1
134.68	-39.284	0	0	0	1
134.59	-39.313	0	0	0	1
134.49	-39.342	0	0	0	1
134.39	-39.37	0	0	0	1
134.3	-39.397	0	0	0	1
134.2	-39.425	0	0	0	1
134.11	-39.452	0	0	0	1
134.01	-39.478	0	0	0	1
133.91	-39.504	0	0	0	1
133.82	-39.53	0	0	0	1
133.72	-39.555	0	0	0	1
133.62	-39.579	0	0	0	1
133.53	-39.603	0	0	0	1
133.43	-39.626	0	0	0	1
133.33	-39.649	0	0	0	1
133.23	-39.672	0	0	0	1
133.14	-39.693	0	0	0	1
133.04	-39.715	0	0	0	1
132.94	-39.736	0	0	0	1
132.84	-39.756	0	0	0	1
132.74	-39.776	0	0	0	1
132.65	-39.796	0	0	0	1
132.55	-39.815	0	0	0	1
132.45	-39.834	0	0	0	1
132.35	-39.851	0	0	0	1
132.25	-39.869	0	0	0	1
132.15	-39.886	0	0	0	1
132.06	-39.902	0	0	0	1
131.96	-39.918	0	0	0	1
131.86	-39.933	0	0	0	1
131.76	-39.948	0	0	0	1
131.66	-39.963	0	0	0	1
131.56	-39.977	0	0	0	1
131.46	-39.991	0	0	0	1
131.36	-40.004	0	0	0	1
131.26	-40.017	0	0	0	1
131.16	-40.029	0	0	0	1
131.07	-40.041	0	0	0	1
130.97	-40.052	0	0	0	1
130.87	-40.063	0	0	0	1
130.77	-40.073	0	0	0	1
130.67	-40.082	0	0	0	1
130.57	-40.091	0	0	0	1
130.47	-40.1	0	0	0	1
130.37	-40.108	0	0	0	1
130.27	-40.115	0	0	0	1
130.17	-40.122	0	0	0	1
130.07	-40.129	0	0	0	1
129.97	-40.135	0	0	0	1
129.87	-40.141	0	0	0	1
129.77	-40.147	0	0	0	1
129.67	-40.152	0	0	0	1
129.57	-40.157	0	0	0	1
129.47	-40.161	0	0	0	1
129.37	-40.165	0	0	0	1
129.27	-40.169	0	0	0	1
129.17	-40.173	0	0	0	1
129.07	-40.176	0	0	0	1
128.97	-40.179	0	0	0	1
128.87	-40.181	0	0	0	1
128.77	-40.184	0	0	0	1
128.67	-40.186	0	0	0	1
128.57	-40.189	0	0	0	1
128.47	-40.191	0	0	0	1
128.37	-40.192	0	0	0	1
128.27	-40.194	0	0	0	1
128.17	-40.195	0	0	0	1
128.07	-40.196	0	0	0	1
127.97	-40.196	0	0	0	1
127.87	-40.197	0	0	0	1
127.77	-40.197	0	0	0	1
127.67	-40.197	0	0	0	1
127.57	-40.197	0	0	0	1
127.47	-40.197	0	0	0	1
127.37	-40.196	0	0	0	1
127.27	-40.196	0	0	0	1
127.17	-40.195	0	0	0	1
127.07	-40.195	0	0	0	1
126.97	-40.194	0	0	0	1
126.87	-40.193	0	0	0	1
126.77	-40.192	0	0	0	1
126.67	-40.19	0	0	0	1
126.57	-40.189	0	0	0	1
126.47	-40.187	0	0	0	1
126.37	-40.186	0	0	0	1
126.27	-40.185	0	0	0	1
126.17	-40.184	0	0	0	1
126.07	-40.182	0	0	0	1
125.97	-40.181	0	0	0	1
125.87	-40.179	0	0	0	1
125.77	-40.178	0	0	0	1
125.67	-40.176	0	0	0	1
125.57	-40.175	0	0	0	1
125.47	-40.174	0	0	0	1
125.37	-40.172	0	0	0	1
125.27	-40.171	0	0	0	1
125.17	-40.169	0	0	0	1
125.07	-40.168	0	0	0	1
124.97	-40.167	0	0	0	1
124.87	-40.165	0	0	0	1
124.77	-40.164	0	0	0	1
124.67	-40.163	0	0	0	1
124.57	-40.162	0	0	0	1
124.47	-40.161	0	0	0	1
124.37	-40.16	0	0	0	1
124.27	-40.16	0	0	0	1
124.17	-40.159	0	0	0	1
124.07	-40.159	0	0	0	1
123.97	-40.159	0	0	0	1
123.87	-40.159	0	0	0	1
123.77	-40.158	0	0	0	1
123.67	-40.158	0	0	0	1
123.57	-40.158	0	0	0	1
123.47	-40.158	0	0	0	1
123.37	-40.159	0	0	0	1
123.27	-40.159	0	0	0	1
123.17	-40.159	0	0	0	1
123.07	-40.16	0	0	0	1
122.97	-40.16	0	0	0	1
122.87	-40.161	0	0	0	1
122.77	-40.161	0	0	0	1
122.67	-40.162	0	0	0	1
122.57	-40.163	0	0	0	1
122.47	-40.163	0	0	0	1
122.37	-40.164	0	0	0	1
122.27	-40.164	0	0	0	1
122.17	-40.165	0	0	0	1
122.07	-40.166	0	0	0	1
121.97	-40.166	0	0	0	1
121.87	-40.167	0	0	0	1
121.77	-40.167	0	0	0	1
121.67	-40.168	0	0	0	1
121.57	-40.169	0	0	0	1
121.47	-40.169	0	0	0	1
121.37	-40.17	0	0	0	1
121.27	-40.17	0	0	0	1
121.17	-40.171	0	0	0	1
121.07	-40.171	0	0	0	1
120.97	-40.171	0	0	0	1
120.87	-40.171	0	0	0	1
120.77	-40.171	0	0	0	1
120.67	-40.171	0	0	0	1
120.57	-40.171	0	0	0	1
120.47	-40.17	0	0	0	1
120.37	-40.17	0	0	0	1
120.27	-40.17	0	0	0	1
120.17	-40.17	0	0	0	1
120.07	-40.169	0	0	0	1
119.97	-40.169	0	0	0	1
119.87	-40.168	0	0	0	1
119.77	-40.168	0	0	0	1
119.67	-40.167	0	0	0	1
119.57	-40.167	0	0	0	1
119.47	-40.167	0	0	0	1
119.37	-40.166	0	0	0	1
119.27	-40.166	0	0	0	1
119.17	-40.166	0	0	0	1
119.07	-40.166	0	0	0	1
118.97	-40.166	0	0	0	1
118.87	-40.166	0	0	0	1
118.77	-40.166	0	0	0	1
118.67	-40.166	0	0	0	1
118.57	-40.166	0	0	0	1
118.47	-40.167	0	0	0	1
118.37	-40.167	0	0	0	1
118.27	-40.168	0	0	0	1
118.17	-40.168	0	0	0	1
118.07	-40.169	0	0	0	1
117.97	-40.17	0	0	0	1
117.87	-40.17	0	0	0	1
117.77	-40.171	0	0	0	1
117.67	-40.172	0	0	0	1
117.57	-40.173	0	0	0	1
117.47	-40.174	0	0	0	1
117.37	-40.175	0	0	0	1
117.27	-40.175	0	0	0	1
117.17	-40.175	0	0	0	1
117.07	-40.176	0	0	0	1
116.97	-40.176	0	0	0	1
116.87	-40.177	0	0	0	1
116.77	-40.177	0	0	0	1
116.67	-40.177	0	0	0	1
116.57	-40.178	0	0	0	1
116.47	-40.178	0	0	0	1
116.37	-40.178	0	0	0	1
116.27	-40.179	0	0	0	1
116.17	-40.179	0	0	0	1
116.07	-40.179	0	0	0	1
115.97	-40.18	0	0	0	1
115.87	-40.18	0	0	0	1
115.77	-40.18	0	0	0	1
115.67	-40.18	0	0	0	1
115.57	-40.18	0	0	0	1
115.47	-40.18	0	0	0	1
115.37	-40.18	0	0	0	1
115.27	-40.179	0	0	0	1
115.17	-40.179	0	0	0	1
115.07	-40.179	0	0	0	1
114.97	-40.178	0	0	0	1
114.87	-40.178	0	0	0	1
114.77	-40.177	0	0	0	1
114.67	-40.176	0	0	0	1
114.57	-40.175	0	0	0	1
114.47	-40.175	0	0	0	1
114.37	-40.174	0	0	0	1
114.27	-40.173	0	0	0	1
114.17	-40.171	0	0	0	1
114.07	-40.17	0	0	0	1
113.97	-40.169	0	0	0	1
113.87	-40.168	0	0	0	1
113.77	-40.166	0	0	0	1
113.67	-40.165	0	0	0	1
113.57	-40.163	0	0	0	1
113.47	-40.161	0	0	0	1
113.37	-40.159	0	0	0	1
113.27	-40.157	0	0	0	1
113.17	-40.155	0	0	0	1
113.07	-40.152	0	0	0	1
112.97	-40.148	0	0	0	1
112.87	-40.145	0	0	0	1
112.77	-40.141	0	0	0	1
112.67	-40.136	0	0	0	1
112.57	-40.131	0	0	0	1
112.47	-40.126	0	0	0	1
112.37	-40.12	0	0	0	1
112.27	-40.113	0	0	0	1
112.17	-40.107	0	0	0	1
112.07	-40.099	0	0	0	1
111.97	-40.092	0	0	0	1
111.87	-40.084	0	0	0	1
111.77	-40.075	0	0	0	1
111.68	-40.067	0	0	0	1
111.58	-40.058	0	0	0	1
111.48	-40.048	0	0	0	1
111.38	-40.038	0	0	0	1
111.28	-40.028	0	0	0	1
111.18	-40.018	0	0	0	1
111.08	-40.006	0	0	0	1
110.98	-39.994	0	0	0	1
110.88	-39.982	0	0	0	1
110.78	-39.969	0	0	0	1
110.68	-39.956	0	0	0	1
110.58	-39.941	0	0	0	1
110.48	-39.926	0	0	0	1
110.39	-39.911	0	0	0	1
110.29	-39.894	0	0	0	1
110.19	-39.878	0	0	0	1
110.09	-39.86	0	0	0	1
109.99	-39.842	0	0	0	1
109.89	-39.824	0	0	0	1
109.79	-39.806	0	0	0	1
109.7	-39.786	0	0	0	1
109.6	-39.767	0	0	0	1
109.5	-39.747	0	0	0	1
109.4	-39.726	0	0	0	1
109.3	-39.705	0	0	0	1
109.21	-39.684	0	0	0	1
109.11	-39.662	0	0	0	1
109.01	-39.641	0	0	0	1
108.91	-39.618	0	0	0	1
108.82	-39.596	0	0	0	1
108.72	-39.574	0	0	0	1
108.62	-39.551	0	0	0	1
108.52	-39.529	0	0	0	1
108.43	-39.506	0	0	0	1
108.33	-39.483	0	0	0	1
108.23	-39.459	0	0	0	1
108.14	-39.435	0	0	0	1
108.04	-39.411	0	0	0	1
107.94	-39.387	0	0	0	1
107.85	-39.362	0	0	0	1
107.75	-39.336	0	0	0	1
107.65	-39.31	0	0	0	1
107.56	-39.284	0	0	0	1
107.46	-39.257	0	0	0	1
107.36	-39.229	0	0	0	1
107.27	-39.201	0	0	0	1
107.17	-39.173	0	0	0	1
107.08	-39.143	0	0	0	1
106.98	-39.112	0	0	0	1
106.89	-39.081	0	0	0	1
106.79	-39.048	0	0	0	1
106.7	-39.014	0	0	0	1
106.6	-38.979	0	0	0	1
106.51	-38.944	0	0	0	1
106.42	-38.907	0	0	0	1
106.32	-38.87	0	0	0	1
106.23	-38.832	0	0	0	1
106.14	-38.793	0	0	0	1
106.05	-38.754	0	0	0	1
105.96	-38.715	0	0	0	1
105.86	-38.675	0	0	0	1
105.77	-38.634	0	0	0	1
105.68	-38.593	0	0	0	1
105.59	-38.552	0	0	0	1
105.5	-38.511	0	0	0	1
105.41	-38.468	0	0	0	1
105.32	-38.426	0	0	0	1
105.23	-38.383	0	0	0	1
105.14	-38.34	0	0	0	1
105.05	-38.297	0	0	0	1
104.96	-38.253	0	0	0	1
104.87	-38.209	0	0	0	1
104.78	-38.164	0	0	0	1
104.69	-38.119	0	0	0	1
104.6	-38.074	0	0	0	1
104.51	-38.029	0	0	0	1
104.42	-37.984	0	0	0	1
104.33	-37.938	0	0	0	1
104.24	-37.892	0	0	0	1
104.16	-37.845	0	0	0	1
104.07	-37.798	0	0	0	1
103.98	-37.751	0	0	0	1
103.89	-37.703	0	0	0	1
103.8	-37.655	0	0	0	1
103.72	-37.606	0	0	0	1
103.63	-37.557	0	0	0	1
103.54	-37.507	0	0	0	1
103.46	-37.457	0	0	0	1
103.37	-37.406	0	0	0	1
103.28	-37.355	0	0	0	1
103.2	-37.304	0	0	0	1
103.11	-37.252	0	0	0	1
103.03	-37.2	0	0	0	1
102.94	-37.147	0	0	0	1
102.86	-37.094	0	0	0	1
102.77	-37.041	0	0	0	1
102.69	-36.987	0	0	0	1
102.61	-36.932	0	0	0	1
102.52	-36.877	0	0	0	1
102.44	-36.822	0	0	0	1
102.36	-36.767	0	0	0	1
102.27	-36.711	0	0	0	1
102.19	-36.654	0	0	0	1
102.11	-36.597	0	0	0	1
102.03	-36.54	0	0	0	1
101.94	-36.483	0	0	0	1
101.86	-36.425	0	0	0	1
101.78	-36.366	0	0	0	1
101.7	-36.307	0	0	0	1
101.62	-36.248	0	0	0	1
101.54	-36.188	0	0	0	1
101.46	-36.127	0	0	0	1
101.38	-36.067	0	0	0	1
101.3	-36.005	0	0	0	1
101.22	-35.944	0	0	0	1
101.14	-35.882	0	0	0	1
101.07	-35.82	0	0	0	1
100.99	-35.757	0	0	0	1
100.91	-35.695	0	0	0	1
100.83	-35.632	0	0	0	1
100.76	-35.569	0	0	0	1
100.68	-35.505	0	0	0	1
100.6	-35.441	0	0	0	1
100.52	-35.377	0	0	0	1
100.45	-35.312	0	0	0	1
100.37	-35.247	0	0	0	1
100.3	-35.181	0	0	0	1
100.22	-35.115	0	0	0	1
100.15	-35.049	0	0	0	1
100.07	-34.983	0	0	0	1
99.997	-34.917	0	0	0	1
99.922	-34.85	0	0	0	1
99.847	-34.784	0	0	0	1
99.773	-34.718	0	0	0	1
99.698	-34.651	0	0	0	1
99.623	-34.585	0	0	0	1
99.548	-34.519	0	0	0	1
99.473	-34.452	0	0	0	1
99.398	-34.386	0	0	0	1
99.323	-34.32	0	0	0	1
99.248	-34.254	0	0	0	1
99.173	-34.188	0	0	0	1
99.098	-34.122	0	0	0	1
99.023	-34.056	0	0	0	1
98.947	-33.99	0	0	0	1
98.872	-33.925	0	0	0	1
98.796	-33.86	0	0	0	1
98.719	-33.796	0	0	0	1
98.642	-33.732	0	0	0	1
98.565	-33.668	0	0	0	1
98.488	-33.605	0	0	0	1
98.41	-33.543	0	0	0	1
98.331	-33.48	0	0	0	1
98.253	-33.419	0	0	0	1
98.174	-33.357	0	0	0	1
98.094	-33.297	0	0	0	1
98.014	-33.236	0	0	0	1
97.934	-33.176	0	0	0	1
97.854	-33.117	0	0	0	1
97.773	-33.058	0	0	0	1
97.692	-33	0	0	0	1
97.61	-32.942	0	0	0	1
97.528	-32.885	0	0	0	1
97.446	-32.828	0	0	0	1
97.363	-32.772	0	0	0	1
97.28	-32.716	0	0	0	1
97.197	-32.661	0	0	0	1
97.113	-32.607	0	0	0	1
97.029	-32.553	0	0	0	1
96.944	-32.5	0	0	0	1
96.859	-32.447	0	0	0	1
96.774	-32.395	0	0	0	1
96.688	-32.343	0	0	0	1
96.602	-32.292	0	0	0	1
96.516	-32.241	0	0	0	1
96.43	-32.191	0	0	0	1
96.343	-32.142	0	0	0	1
96.256	-32.093	0	0	0	1
96.168	-32.045	0	0	0	1
96.08	-31.997	0	0	0	1
95.992	-31.951	0	0	0	1
95.903	-31.904	0	0	0	1
95.814	-31.859	0	0	0	1
95.725	-31.814	0	0	0	1
95.635	-31.769	0	0	0	1
95.545	-31.726	0	0	0	1
95.455	-31.682	0	0	0	1
95.365	-31.639	0	0	0	1
95.274	-31.597	0	0	0	1
95.183	-31.555	0	0	0	1
95.092	-31.514	0	0	0	1
95.001	-31.473	0	0	0	1
94.909	-31.433	0	0	0	1
94.817	-31.394	0	0	0	1
94.725	-31.355	0	0	0	1
94.633	-31.318	0	0	0	1
94.54	-31.28	0	0	0	1
94.447	-31.244	0	0	0	1
94.353	-31.208	0	0	0	1
94.26	-31.172	0	0	0	1
94.166	-31.138	0	0	0	1
94.072	-31.103	0	0	0	1
93.978	-31.07	0	0	0	1
93.884	-31.037	0	0	0	1
93.789	-31.005	0	0	0	1
93.694	-30.973	0	0	0	1
93.599	-30.942	0	0	0	1
93.504	-30.912	0	0	0	1
93.408	-30.883	0	0	0	1
93.312	-30.855	0	0	0	1
93.216	-30.827	0	0	0	1
93.12	-30.799	0	0	0	1
93.024	-30.772	0	0	0	1
92.927	-30.746	0	0	0	1
92.831	-30.72	0	0	0	1
92.734	-30.695	0	0	0	1
92.637	-30.67	0	0	0	1
92.54	-30.647	0	0	0	1
92.442	-30.624	0	0	0	1
92.345	-30.602	0	0	0	1
92.247	-30.581	0	0	0	1
92.149	-30.56	0	0	0	1
92.051	-30.54	0	0	0	1
91.953	-30.521	0	0	0	1
91.855	-30.502	0	0	0	1
91.757	-30.484	0	0	0	1
91.658	-30.467	0	0	0	1
91.56	-30.451	0	0	0	1
91.461	-30.434	0	0	0	1
91.362	-30.419	0	0	0	1
91.263	-30.404	0	0	0	1
91.164	-30.389	0	0	0	1
91.065	-30.375	0	0	0	1
90.966	-30.362	0	0	0	1
90.867	-30.349	0	0	0	1
90.768	-30.337	0	0	0	1
90.668	-30.326	0	0	0	1
90.569	-30.316	0	0	0	1
90.469	-30.307	0	0	0	1
90.37	-30.298	0	0	0	1
90.27	-30.29	0	0	0	1
90.17	-30.283	0	0	0	1
90.071	-30.276	0	0	0	1
89.971	-30.27	0	0	0	1
89.871	-30.265	0	0	0	1
89.771	-30.26	0	0	0	1
89.671	-30.257	0	0	0	1
89.571	-30.253	0	0	0	1
89.471	-30.251	0	0	0	1
89.371	-30.249	0	0	0	1
89.271	-30.248	0	0	0	1
89.171	-30.248	0	0	0	1
89.071	-30.248	0	0	0	1
88.971	-30.249	0	0	0	1
88.871	-30.251	0	0	0	1
88.771	-30.254	0	0	0	1
88.671	-30.257	0	0	0	1
88.571	-30.26	0	0	0	1
88.472	-30.264	0	0	0	1
88.372	-30.269	0	0	0	1
88.272	-30.275	0	0	0	1
88.172	-30.282	0	0	0	1
88.072	-30.288	0	0	0	1
87.973	-30.296	0	0	0	1
87.873	-30.304	0	0	0	1
87.773	-30.313	0	0	0	1
87.674	-30.322	0	0	0	1
87.574	-30.332	0	0	0	1
87.475	-30.343	0	0	0	1
87.375	-30.354	0	0	0	1
87.276	-30.365	0	0	0	1
87.177	-30.377	0	0	0	1
87.078	-30.389	0	0	0	1
86.979	-30.403	0	0	0	1
86.879	-30.417	0	0	0	1
86.781	-30.431	0	0	0	1
86.682	-30.446	0	0	0	1
86.583	-30.462	0	0	0	1
86.484	-30.478	0	0	0	1
86.386	-30.496	0	0	0	1
86.287	-30.513	0	0	0	1
86.189	-30.532	0	0	0	1
86.091	-30.551	0	0	0	1
85.993	-30.57	0	0	0	1
85.895	-30.59	0	0	0	1
85.797	-30.611	0	0	0	1
85.699	-30.632	0	0	0	1
85.602	-30.653	0	0	0	1
85.504	-30.675	0	0	0	1
85.407	-30.698	0	0	0	1
85.309	-30.721	0	0	0	1
85.212	-30.744	0	0	0	1
85.115	-30.768	0	0	0	1
85.018	-30.793	0	0	0	1
84.922	-30.818	0	0	0	1
84.825	-30.845	0	0	0	1
84.729	-30.872	0	0	0	1
84.633	-30.899	0	0	0	1
84.537	-30.928	0	0	0	1
84.441	-30.957	0	0	0	1
84.346	-30.986	0	0	0	1
84.25	-31.017	0	0	0	1
84.155	-31.047	0	0	0	1
84.06	-31.079	0	0	0	1
83.965	-31.111	0	0	0	1
83.871	-31.144	0	0	0	1
83.777	-31.177	0	0	0	1
83.683	-31.212	0	0	0	1
83.589	-31.247	0	0	0	1
83.496	-31.282	0	0	0	1
83.403	-31.319	0	0	0	1
83.31	-31.356	0	0	0	1
83.217	-31.394	0	0	0	1
83.125	-31.432	0	0	0	1
83.033	-31.471	0	0	0	1
82.941	-31.511	0	0	0	1
82.85	-31.551	0	0	0	1
82.759	-31.592	0	0	0	1
82.668	-31.634	0	0	0	1
82.577	-31.677	0	0	0	1
82.487	-31.72	0	0	0	1
82.398	-31.764	0	0	0	1
82.308	-31.809	0	0	0	1
82.219	-31.854	0	0	0	1
82.13	-31.9	0	0	0	1
82.042	-31.947	0	0	0	1
81.954	-31.994	0	0	0	1
81.866	-32.042	0	0	0	1
81.778	-32.09	0	0	0	1
81.691	-32.139	0	0	0	1
81.605	-32.189	0	0	0	1
81.518	-32.239	0	0	0	1
81.432	-32.29	0	0	0	1
81.347	-32.342	0	0	0	1
81.262	-32.394	0	0	0	1
81.177	-32.447	0	0	0	1
81.092	-32.501	0	0	0	1
81.009	-32.555	0	0	0	1
80.925	-32.61	0	0	0	1
80.842	-32.666	0	0	0	1
80.759	-32.722	0	0	0	1
80.677	-32.779	0	0	0	1
80.595	-32.836	0	0	0	1
80.513	-32.894	0	0	0	1
80.432	-32.952	0	0	0	1
80.351	-33.011	0	0	0	1
80.271	-33.071	0	0	0	1
80.191	-33.131	0	0	0	1
80.112	-33.192	0	0	0	1
80.033	-33.253	0	0	0	1
79.955	-33.315	0	0	0	1
79.877	-33.378	0	0	0	1
79.799	-33.441	0	0	0	1
79.722	-33.504	0	0	0	1
79.645	-33.568	0	0	0	1
79.569	-33.633	0	0	0	1
79.493	-33.698	0	0	0	1
79.418	-33.764	0	0	0	1
79.343	-33.83	0	0	0	1
79.268	-33.897	0	0	0	1
79.194	-33.964	0	0	0	1
79.121	-34.032	0	0	0	1
79.048	-34.1	0	0	0	1
78.975	-34.169	0	0	0	1
78.903	-34.238	0	0	0	1
78.831	-34.308	0	0	0	1
78.76	-34.378	0	0	0	1
78.689	-34.448	0	0	0	1
78.619	-34.519	0	0	0	1
78.549	-34.591	0	0	0	1
78.479	-34.662	0	0	0	1
78.41	-34.734	0	0	0	1
78.341	-34.807	0	0	0	1
78.273	-34.88	0	0	0	1
78.205	-34.954	0	0	0	1
78.138	-35.028	0	0	0	1
78.071	-35.102	0	0	0	1
78.005	-35.177	0	0	0	1
77.939	-35.252	0	0	0	1
77.873	-35.327	0	0	0	1
77.808	-35.403	0	0	0	1
77.742	-35.479	0	0	0	1
77.677	-35.555	0	0	0	1
77.612	-35.631	0	0	0	1
77.547	-35.707	0	0	0	1
77.483	-35.783	0	0	0	1
77.418	-35.859	0	0	0	1
77.353	-35.935	0	0	0	1
77.288	-36.012	0	0	0	1
77.223	-36.087	0	0	0	1
77.158	-36.163	0	0	0	1
77.092	-36.238	0	0	0	1
77.026	-36.313	0	0	0	1
76.959	-36.388	0	0	0	1
76.893	-36.462	0	0	0	1
76.826	-36.537	0	0	0	1
76.759	-36.611	0	0	0	1
76.692	-36.685	0	0	0	1
76.625	-36.759	0	0	0	1
76.558	-36.833	0	0	0	1
76.49	-36.907	0	0	0	1
76.423	-36.981	0	0	0	1
76.355	-37.055	0	0	0	1
76.288	-37.129	0	0	0	1
76.22	-37.202	0	0	0	1
76.152	-37.276	0	0	0	1
76.084	-37.349	0	0	0	1
76.016	-37.422	0	0	0	1
75.947	-37.494	0	0	0	1
75.878	-37.567	0	0	0	1
75.809	-37.639	0	0	0	1
75.739	-37.71	0	0	0	1
75.669	-37.782	0	0	0	1
75.598	-37.853	0	0	0	1
75.528	-37.923	0	0	0	1
75.457	-37.993	0	0	0	1
75.385	-38.063	0	0	0	1
75.313	-38.133	0	0	0	1
75.241	-38.202	0	0	0	1
75.168	-38.27	0	0	0	1
75.095	-38.339	0	0	0	1
75.022	-38.407	0	0	0	1
74.948	-38.474	0	0	0	1
74.874	-38.541	0	0	0	1
74.799	-38.608	0	0	0	1
74.724	-38.674	0	0	0	1
74.649	-38.74	0	0	0	1
74.574	-38.805	0	0	0	1
74.498	-38.871	0	0	0	1
74.421	-38.935	0	0	0	1
74.345	-38.999	0	0	0	1
74.268	-39.063	0	0	0	1
74.19	-39.126	0	0	0	1
74.112	-39.189	0	0	0	1
74.034	-39.251	0	0	0	1
73.955	-39.312	0	0	0	1
73.876	-39.373	0	0	0	1
73.796	-39.434	0	0	0	1
73.716	-39.494	0	0	0	1
73.636	-39.553	0	0	0	1
73.555	-39.612	0	0	0	1
73.474	-39.671	0	0	0	1
73.393	-39.729	0	0	0	1
73.311	-39.787	0	0	0	1
73.229	-39.844	0	0	0	1
73.147	-39.901	0	0	0	1
73.065	-39.958	0	0	0	1
72.982	-40.014	0	0	0	1
72.899	-40.07	0	0	0	1
72.816	-40.126	0	0	0	1
72.733	-40.181	0	0	0	1
72.649	-40.236	0	0	0	1
72.566	-40.291	0	0	0	1
72.481	-40.345	0	0	0	1
72.397	-40.398	0	0	0	1
72.312	-40.451	0	0	0	1
72.227	-40.504	0	0	0	1
72.142	-40.556	0	0	0	1
72.056	-40.608	0	0	0	1
71.971	-40.659	0	0	0	1
71.885	-40.71	0	0	0	1
71.798	-40.761	0	0	0	1
71.712	-40.811	0	0	0	1
71.625	-40.861	0	0	0	1
71.538	-40.91	0	0	0	1
71.451	-40.959	0	0	0	1
71.364	-41.008	0	0	0	1
71.276	-41.056	0	0	0	1
71.188	-41.104	0	0	0	1
71.1	-41.151	0	0	0	1
71.012	-41.198	0	0	0	1
70.923	-41.245	0	0	0	1
70.834	-41.29	0	0	0	1
70.745	-41.336	0	0	0	1
70.656	-41.381	0	0	0	1
70.567	-41.426	0	0	0	1
70.477	-41.47	0	0	0	1
70.387	-41.514	0	0	0	1
70.297	-41.557	0	0	0	1
70.207	-41.6	0	0	0	1
70.116	-41.643	0	0	0	1
70.026	-41.685	0	0	0	1
69.935	-41.726	0	0	0	1
69.843	-41.767	0	0	0	1
69.752	-41.808	0	0	0	1
69.66	-41.848	0	0	0	1
69.569	-41.888	0	0	0	1
69.477	-41.927	0	0	0	1
69.385	-41.966	0	0	0	1
69.292	-42.004	0	0	0	1
69.199	-42.041	0	0	0	1
69.107	-42.079	0	0	0	1
69.014	-42.115	0	0	0	1
68.92	-42.151	0	0	0	1
68.827	-42.187	0	0	0	1
68.733	-42.222	0	0	0	1
68.64	-42.257	0	0	0	1
68.546	-42.291	0	0	0	1
68.451	-42.325	0	0	0	1
68.357	-42.358	0	0	0	1
68.263	-42.391	0	0	0	1
68.168	-42.423	0	0	0	1
68.073	-42.455	0	0	0	1
67.978	-42.486	0	0	0	1
67.883	-42.517	0	0	0	1
67.788	-42.547	0	0	0	1
67.692	-42.577	0	0	0	1
67.597	-42.606	0	0	0	1
67.501	-42.635	0	0	0	1
67.405	-42.664	0	0	0	1
67.309	-42.692	0	0	0	1
67.213	-42.719	0	0	0	1
67.117	-42.746	0	0	0	1
67.02	-42.773	0	0	0	1
66.924	-42.799	0	0	0	1
66.827	-42.825	0	0	0	1
66.731	-42.851	0	0	0	1
66.634	-42.876	0	0	0	1
66.537	-42.9	0	0	0	1
66.44	-42.924	0	0	0	1
66.343	-42.948	0	0	0	1
66.245	-42.971	0	0	0	1
66.148	-42.993	0	0	0	1
66.05	-43.015	0	0	0	1
65.953	-43.037	0	0	0	1
65.855	-43.058	0	0	0	1
65.757	-43.079	0	0	0	1
65.659	-43.099	0	0	0	1
65.561	-43.118	0	0	0	1
65.463	-43.138	0	0	0	1
65.365	-43.156	0	0	0	1
65.267	-43.175	0	0	0	1
65.168	-43.192	0	0	0	1
65.07	-43.21	0	0	0	1
64.971	-43.227	0	0	0	1
64.873	-43.243	0	0	0	1
64.774	-43.259	0	0	0	1
64.675	-43.275	0	0	0	1
64.576	-43.289	0	0	0	1
64.477	-43.304	0	0	0	1
64.378	-43.318	0	0	0	1
64.279	-43.331	0	0	0	1
64.18	-43.344	0	0	0	1
64.081	-43.356	0	0	0	1
63.981	-43.368	0	0	0	1
63.882	-43.38	0	0	0	1
63.783	-43.39	0	0	0	1
63.683	-43.401	0	0	0	1
63.584	-43.411	0	0	0	1
63.484	-43.42	0	0	0	1
63.385	-43.429	0	0	0	1
63.285	-43.437	0	0	0	1
63.185	-43.445	0	0	0	1
63.086	-43.453	0	0	0	1
62.986	-43.46	0	0	0	1
62.886	-43.466	0	0	0	1
62.786	-43.472	0	0	0	1
62.686	-43.478	0	0	0	1
62.587	-43.483	0	0	0	1
62.487	-43.487	0	0	0	1
62.387	-43.491	0	0	0	1
62.287	-43.495	0	0	0	1
62.187	-43.499	0	0	0	1
62.087	-43.501	0	0	0	1
61.987	-43.503	0	0	0	1
61.887	-43.505	0	0	0	1
61.787	-43.506	0	0	0	1
61.687	-43.507	0	0	0	1
61.587	-43.507	0	0	0	1
61.487	-43.506	0	0	0	1
61.387	-43.505	0	0	0	1
61.287	-43.504	0	0	0	1
61.187	-43.501	0	0	0	1
61.087	-43.499	0	0	0	1
60.987	-43.496	0	0	0	1
60.887	-43.492	0	0	0	1
60.787	-43.488	0	0	0	1
60.687	-43.484	0	0	0	1
60.588	-43.478	0	0	0	1
60.488	-43.473	0	0	0	1
60.388	-43.466	0	0	0	1
60.288	-43.459	0	0	0	1
60.188	-43.452	0	0	0	1
60.089	-43.444	0	0	0	1
59.989	-43.436	0	0	0	1
59.89	-43.427	0	0	0	1
59.79	-43.417	0	0	0	1
59.691	-43.408	0	0	0	1
59.591	-43.398	0	0	0	1
59.492	-43.387	0	0	0	1
59.392	-43.376	0	0	0	1
59.293	-43.365	0	0	0	1
59.194	-43.353	0	0	0	1
59.094	-43.34	0	0	0	1
58.995	-43.328	0	0	0	1
58.896	-43.314	0	0	0	1
58.797	-43.3	0	0	0	1
58.698	-43.286	0	0	0	1
58.599	-43.27	0	0	0	1
58.501	-43.255	0	0	0	1
58.402	-43.239	0	0	0	1
58.303	-43.223	0	0	0	1
58.205	-43.206	0	0	0	1
58.106	-43.189	0	0	0	1
58.008	-43.172	0	0	0	1
57.909	-43.154	0	0	0	1
57.811	-43.136	0	0	0	1
57.713	-43.117	0	0	0	1
57.615	-43.098	0	0	0	1
57.517	-43.078	0	0	0	1
57.419	-43.057	0	0	0	1
57.321	-43.036	0	0	0	1
57.223	-43.015	0	0	0	1
57.126	-42.993	0	0	0	1
57.028	-42.971	0	0	0	1
56.931	-42.949	0	0	0	1
56.833	-42.926	0	0	0	1
56.736	-42.903	0	0	0	1
56.639	-42.879	0	0	0	1
56.542	-42.855	0	0	0	1
56.445	-42.83	0	0	0	1
56.348	-42.805	0	0	0	1
56.251	-42.78	0	0	0	1
56.155	-42.754	0	0	0	1
56.058	-42.728	0	0	0	1
55.962	-42.701	0	0	0	1
55.866	-42.673	0	0	0	1
55.77	-42.646	0	0	0	1
55.674	-42.617	0	0	0	1
55.578	-42.588	0	0	0	1
55.483	-42.558	0	0	0	1
55.388	-42.527	0	0	0	1
55.293	-42.496	0	0	0	1
55.198	-42.464	0	0	0	1
55.103	-42.432	0	0	0	1
55.009	-42.399	0	0	0	1
54.915	-42.365	0	0	0	1
54.821	-42.331	0	0	0	1
54.727	-42.296	0	0	0	1
54.634	-42.261	0	0	0	1
54.54	-42.225	0	0	0	1
54.447	-42.188	0	0	0	1
54.355	-42.15	0	0	0	1
54.262	-42.112	0	0	0	1
54.17	-42.074	0	0	0	1
54.078	-42.035	0	0	0	1
53.986	-41.995	0	0	0	1
53.894	-41.956	0	0	0	1
53.803	-41.915	0	0	0	1
53.712	-41.874	0	0	0	1
53.621	-41.833	0	0	0	1
53.53	-41.791	0	0	0	1
53.439	-41.749	0	0	0	1
53.349	-41.706	0	0	0	1
53.258	-41.663	0	0	0	1
53.168	-41.62	0	0	0	1
53.078	-41.577	0	0	0	1
52.988	-41.533	0	0	0	1
52.898	-41.489	0	0	0	1
52.809	-41.444	0	0	0	1
52.72	-41.399	0	0	0	1
52.631	-41.354	0	0	0	1
52.542	-41.308	0	0	0	1
52.453	-41.262	0	0	0	1
52.365	-41.215	0	0	0	1
52.277	-41.167	0	0	0	1
52.189	-41.119	0	0	0	1
52.101	-41.071	0	0	0	1
52.014	-41.022	0	0	0	1
51.927	-40.973	0	0	0	1
51.84	-40.923	0	0	0	1
51.754	-40.873	0	0	0	1
51.668	-40.823	0	0	0	1
51.582	-40.771	0	0	0	1
51.496	-40.72	0	0	0	1
51.411	-40.668	0	0	0	1
51.325	-40.615	0	0	0	1
51.241	-40.563	0	0	0	1
51.156	-40.51	0	0	0	1
51.071	-40.456	0	0	0	1
50.987	-40.402	0	0	0	1
50.903	-40.347	0	0	0	1
50.82	-40.292	0	0	0	1
50.737	-40.237	0	0	0	1
50.653	-40.182	0	0	0	1
50.57	-40.126	0	0	0	1
50.488	-40.07	0	0	0	1
50.405	-40.013	0	0	0	1
50.323	-39.956	0	0	0	1
50.241	-39.899	0	0	0	1
50.159	-39.842	0	0	0	1
50.078	-39.784	0	0	0	1
49.997	-39.725	0	0	0	1
49.916	-39.666	0	0	0	1
49.835	-39.607	0	0	0	1
49.755	-39.548	0	0	0	1
49.675	-39.488	0	0	0	1
49.595	-39.427	0	0	0	1
49.516	-39.366	0	0	0	1
49.437	-39.305	0	0	0	1
49.359	-39.243	0	0	0	1
49.28	-39.181	0	0	0	1
49.202	-39.119	0	0	0	1
49.124	-39.056	0	0	0	1
49.046	-38.993	0	0	0	1
48.969	-38.93	0	0	0	1
48.892	-38.866	0	0	0	1
48.815	-38.803	0	0	0	1
48.738	-38.738	0	0	0	1
48.662	-38.673	0	0	0	1
48.587	-38.608	0	0	0	1
48.511	-38.542	0	0	0	1
48.436	-38.476	0	0	0	1
48.362	-38.41	0	0	0	1
48.287	-38.343	0	0	0	1
48.213	-38.276	0	0	0	1
48.139	-38.209	0	0	0	1
48.065	-38.142	0	0	0	1
47.991	-38.074	0	0	0	1
47.918	-38.006	0	0	0	1
47.845	-37.938	0	0	0	1
47.772	-37.869	0	0	0	1
47.7	-37.8	0	0	0	1
47.628	-37.73	0	0	0	1
47.557	-37.661	0	0	0	1
47.485	-37.591	0	0	0	1
47.414	-37.52	0	0	0	1
47.343	-37.45	0	0	0	1
47.273	-37.379	0	0	0	1
47.203	-37.307	0	0	0	1
47.133	-37.236	0	0	0	1
47.064	-37.163	0	0	0	1
46.995	-37.091	0	0	0	1
46.926	-37.018	0	0	0	1
46.858	-36.945	0	0	0	1
46.791	-36.871	0	0	0	1
46.723	-36.797	0	0	0	1
46.656	-36.723	0	0	0	1
46.59	-36.649	0	0	0	1
46.523	-36.574	0	0	0	1
46.457	-36.5	0	0	0	1
46.39	-36.425	0	0	0	1
46.324	-36.35	0	0	0	1
46.258	-36.274	0	0	0	1
46.192	-36.199	0	0	0	1
46.126	-36.124	0	0	0	1
46.06	-36.049	0	0	0	1
45.995	-35.974	0	0	0	1
45.929	-35.899	0	0	0	1
45.862	-35.824	0	0	0	1
45.796	-35.749	0	0	0	1
45.729	-35.674	0	0	0	1
45.663	-35.6	0	0	0	1
45.596	-35.525	0	0	0	1
45.529	-35.451	0	0	0	1
45.462	-35.377	0	0	0	1
45.394	-35.304	0	0	0	1
45.326	-35.23	0	0	0	1
45.258	-35.157	0	0	0	1
45.19	-35.084	0	0	0	1
45.122	-35.011	0	0	0	1
45.053	-34.938	0	0	0	1
44.984	-34.866	0	0	0	1
44.914	-34.794	0	0	0	1
44.845	-34.723	0	0	0	1
44.774	-34.651	0	0	0	1
44.704	-34.581	0	0	0	1
44.632	-34.51	0	0	0	1
44.561	-34.441	0	0	0	1
44.489	-34.372	0	0	0	1
44.416	-34.303	0	0	0	1
44.342	-34.235	0	0	0	1
44.268	-34.168	0	0	0	1
44.194	-34.101	0	0	0	1
44.119	-34.035	0	0	0	1
44.044	-33.969	0	0	0	1
43.968	-33.904	0	0	0	1
43.892	-33.839	0	0	0	1
43.815	-33.775	0	0	0	1
43.739	-33.711	0	0	0	1
43.661	-33.647	0	0	0	1
43.584	-33.584	0	0	0	1
43.506	-33.522	0	0	0	1
43.428	-33.459	0	0	0	1
43.349	-33.398	0	0	0	1
43.27	-33.336	0	0	0	1
43.191	-33.275	0	0	0	1
43.112	-33.214	0	0	0	1
43.032	-33.154	0	0	0	1
42.952	-33.094	0	0	0	1
42.871	-33.035	0	0	0	1
42.79	-32.977	0	0	0	1
42.709	-32.919	0	0	0	1
42.627	-32.861	0	0	0	1
42.544	-32.805	0	0	0	1
42.461	-32.749	0	0	0	1
42.378	-32.693	0	0	0	1
42.295	-32.638	0	0	0	1
42.211	-32.584	0	0	0	1
42.127	-32.53	0	0	0	1
42.042	-32.477	0	0	0	1
41.957	-32.424	0	0	0	1
41.872	-32.372	0	0	0	1
41.786	-32.32	0	0	0	1
41.7	-32.269	0	0	0	1
41.614	-32.219	0	0	0	1
41.527	-32.169	0	0	0	1
41.44	-32.12	0	0	0	1
41.352	-32.072	0	0	0	1
41.264	-32.024	0	0	0	1
41.176	-31.977	0	0	0	1
41.087	-31.931	0	0	0	1
40.998	-31.886	0	0	0	1
40.909	-31.841	0	0	0	1
40.819	-31.797	0	0	0	1
40.729	-31.753	0	0	0	1
40.639	-31.71	0	0	0	1
40.549	-31.667	0	0	0	1
40.458	-31.626	0	0	0	1
40.367	-31.584	0	0	0	1
40.276	-31.543	0	0	0	1
40.184	-31.503	0	0	0	1
40.092	-31.463	0	0	0	1
40	-31.425	0	0	0	1
39.908	-31.386	0	0	0	1
39.815	-31.348	0	0	0	1
39.722	-31.311	0	0	0	1
39.629	-31.275	0	0	0	1
39.536	-31.239	0	0	0	1
39.443	-31.203	0	0	0	1
39.349	-31.168	0	0	0	1
39.255	-31.134	0	0	0	1
39.161	-31.1	0	0	0	1
39.067	-31.066	0	0	0	1
38.972	-31.034	0	0	0	1
38.878	-31.002	0	0	0	1
38.783	-30.97	0	0	0	1
38.687	-30.94	0	0	0	1
38.592	-30.91	0	0	0	1
38.497	-30.88	0	0	0	1
38.401	-30.851	0	0	0	1
38.305	-30.823	0	0	0	1
38.209	-30.796	0	0	0	1
38.112	-30.769	0	0	0	1
38.016	-30.743	0	0	0	1
37.919	-30.717	0	0	0	1
37.823	-30.692	0	0	0	1
37.726	-30.667	0	0	0	1
37.629	-30.643	0	0	0	1
37.531	-30.62	0	0	0	1
37.434	-30.597	0	0	0	1
37.336	-30.575	0	0	0	1
37.239	-30.554	0	0	0	1
37.141	-30.534	0	0	0	1
37.043	-30.514	0	0	0	1
36.945	-30.495	0	0	0	1
36.847	-30.476	0	0	0	1
36.748	-30.458	0	0	0	1
36.65	-30.441	0	0	0	1
36.551	-30.424	0	0	0	1
36.452	-30.408	0	0	0	1
36.354	-30.392	0	0	0	1
36.255	-30.377	0	0	0	1
36.156	-30.363	0	0	0	1
36.057	-30.349	0	0	0	1
35.958	-30.337	0	0	0	1
35.858	-30.324	0	0	0	1
35.759	-30.312	0	0	0	1
35.66	-30.301	0	0	0	1
35.56	-30.291	0	0	0	1
35.461	-30.282	0	0	0	1
35.361	-30.273	0	0	0	1
35.261	-30.265	0	0	0	1
35.162	-30.258	0	0	0	1
35.062	-30.251	0	0	0	1
34.962	-30.245	0	0	0	1
34.862	-30.24	0	0	0	1
34.762	-30.235	0	0	0	1
34.662	-30.232	0	0	0	1
34.563	-30.229	0	0	0	1
34.463	-30.226	0	0	0	1
34.363	-30.225	0	0	0	1
34.263	-30.224	0	0	0	1
34.163	-30.224	0	0	0	1
34.063	-30.225	0	0	0	1
33.963	-30.226	0	0	0	1
33.863	-30.228	0	0	0	1
33.763	-30.231	0	0	0	1
33.663	-30.234	0	0	0	1
33.563	-30.238	0	0	0	1
33.463	-30.242	0	0	0	1
33.363	-30.248	0	0	0	1
33.263	-30.254	0	0	0	1
33.163	-30.26	0	0	0	1
33.064	-30.268	0	0	0	1
32.964	-30.276	0	0	0	1
32.864	-30.285	0	0	0	1
32.765	-30.294	0	0	0	1
32.665	-30.305	0	0	0	1
32.566	-30.316	0	0	0	1
32.467	-30.327	0	0	0	1
32.368	-30.34	0	0	0	1
32.268	-30.353	0	0	0	1
32.169	-30.366	0	0	0	1
32.07	-30.381	0	0	0	1
31.972	-30.396	0	0	0	1
31.873	-30.412	0	0	0	1
31.774	-30.428	0	0	0	1
31.676	-30.445	0	0	0	1
31.577	-30.462	0	0	0	1
31.479	-30.48	0	0	0	1
31.381	-30.499	0	0	0	1
31.282	-30.518	0	0	0	1
31.184	-30.538	0	0	0	1
31.087	-30.559	0	0	0	1
30.989	-30.58	0	0	0	1
30.891	-30.602	0	0	0	1
30.794	-30.624	0	0	0	1
30.697	-30.647	0	0	0	1
30.599	-30.671	0	0	0	1
30.502	-30.695	0	0	0	1
30.406	-30.72	0	0	0	1
30.309	-30.746	0	0	0	1
30.213	-30.773	0	0	0	1
30.116	-30.8	0	0	0	1
30.021	-30.828	0	0	0	1
29.925	-30.857	0	0	0	1
29.829	-30.886	0	0	0	1
29.734	-30.916	0	0	0	1
29.639	-30.947	0	0	0	1
29.544	-30.978	0	0	0	1
29.449	-31.01	0	0	0	1
29.354	-31.042	0	0	0	1
29.26	-31.076	0	0	0	1
29.166	-31.109	0	0	0	1
29.072	-31.144	0	0	0	1
28.978	-31.178	0	0	0	1
28.885	-31.213	0	0	0	1
28.791	-31.249	0	0	0	1
28.698	-31.285	0	0	0	1
28.605	-31.323	0	0	0	1
28.513	-31.36	0	0	0	1
28.42	-31.399	0	0	0	1
28.328	-31.438	0	0	0	1
28.237	-31.478	0	0	0	1
28.145	-31.519	0	0	0	1
28.054	-31.56	0	0	0	1
27.963	-31.601	0	0	0	1
27.873	-31.644	0	0	0	1
27.782	-31.686	0	0	0	1
27.692	-31.73	0	0	0	1
27.602	-31.774	0	0	0	1
27.513	-31.818	0	0	0	1
27.424	-31.864	0	0	0	1
27.335	-31.91	0	0	0	1
27.247	-31.956	0	0	0	1
27.159	-32.004	0	0	0	1
27.071	-32.052	0	0	0	1
26.984	-32.101	0	0	0	1
26.897	-32.15	0	0	0	1
26.81	-32.2	0	0	0	1
26.724	-32.25	0	0	0	1
26.638	-32.301	0	0	0	1
26.552	-32.353	0	0	0	1
26.467	-32.405	0	0	0	1
26.382	-32.458	0	0	0	1
26.297	-32.511	0	0	0	1
26.213	-32.565	0	0	0	1
26.129	-32.619	0	0	0	1
26.045	-32.673	0	0	0	1
25.962	-32.728	0	0	0	1
25.878	-32.784	0	0	0	1
25.796	-32.84	0	0	0	1
25.713	-32.896	0	0	0	1
25.631	-32.954	0	0	0	1
25.55	-33.011	0	0	0	1
25.468	-33.069	0	0	0	1
25.387	-33.128	0	0	0	1
25.307	-33.187	0	0	0	1
25.227	-33.247	0	0	0	1
25.147	-33.308	0	0	0	1
25.068	-33.369	0	0	0	1
24.99	-33.431	0	0	0	1
24.912	-33.494	0	0	0	1
24.835	-33.557	0	0	0	1
24.758	-33.622	0	0	0	1
24.682	-33.687	0	0	0	1
24.606	-33.752	0	0	0	1
24.531	-33.818	0	0	0	1
24.456	-33.884	0	0	0	1
24.381	-33.95	0	0	0	1
24.306	-34.016	0	0	0	1
24.231	-34.082	0	0	0	1
24.156	-34.148	0	0	0	1
24.081	-34.215	0	0	0	1
24.006	-34.281	0	0	0	1
23.932	-34.347	0	0	0	1
23.857	-34.414	0	0	0	1
23.782	-34.48	0	0	0	1
23.708	-34.547	0	0	0	1
23.633	-34.613	0	0	0	1
23.558	-34.679	0	0	0	1
23.482	-34.744	0	0	0	1
23.407	-34.81	0	0	0	1
23.331	-34.875	0	0	0	1
23.256	-34.941	0	0	0	1
23.18	-35.006	0	0	0	1
23.105	-35.072	0	0	0	1
23.029	-35.138	0	0	0	1
22.954	-35.203	0	0	0	1
22.878	-35.269	0	0	0	1
22.803	-35.334	0	0	0	1
22.727	-35.4	0	0	0	1
22.652	-35.465	0	0	0	1
22.575	-35.53	0	0	0	1
22.499	-35.595	0	0	0	1
22.423	-35.66	0	0	0	1
22.346	-35.724	0	0	0	1
22.27	-35.788	0	0	0	1
22.192	-35.851	0	0	0	1
22.115	-35.914	0	0	0	1
22.037	-35.977	0	0	0	1
21.959	-36.039	0	0	0	1
21.88	-36.101	0	0	0	1
21.801	-36.162	0	0	0	1
21.721	-36.222	0	0	0	1
21.641	-36.282	0	0	0	1
21.56	-36.341	0	0	0	1
21.479	-36.4	0	0	0	1
21.398	-36.459	0	0	0	1
21.317	-36.516	0	0	0	1
21.235	-36.574	0	0	0	1
21.153	-36.631	0	0	0	1
21.07	-36.688	0	0	0	1
20.988	-36.744	0	0	0	1
20.905	-36.8	0	0	0	1
20.822	-36.855	0	0	0	1
20.738	-36.91	0	0	0	1
20.654	-36.965	0	0	0	1
20.57	-37.019	0	0	0	1
20.486	-37.073	0	0	0	1
20.401	-37.126	0	0	0	1
20.317	-37.179	0	0	0	1
20.232	-37.232	0	0	0	1
20.147	-37.284	0	0	0	1
20.061	-37.336	0	0	0	1
19.975	-37.388	0	0	0	1
19.889	-37.438	0	0	0	1
19.803	-37.489	0	0	0	1
19.716	-37.539	0	0	0	1
19.629	-37.588	0	0	0	1
19.542	-37.637	0	0	0	1
19.454	-37.685	0	0	0	1
19.366	-37.733	0	0	0	1
19.278	-37.78	0	0	0	1
19.19	-37.826	0	0	0	1
19.101	-37.873	0	0	0	1
19.012	-37.918	0	0	0	1
18.923	-37.964	0	0	0	1
18.834	-38.008	0	0	0	1
18.744	-38.052	0	0	0	1
18.654	-38.096	0	0	0	1
18.563	-38.139	0	0	0	1
18.473	-38.181	0	0	0	1
18.382	-38.223	0	0	0	1
18.291	-38.265	0	0	0	1
18.2	-38.306	0	0	0	1
18.109	-38.347	0	0	0	1
18.017	-38.387	0	0	0	1
17.926	-38.427	0	0	0	1
17.834	-38.466	0	0	0	1
17.741	-38.505	0	0	0	1
17.649	-38.543	0	0	0	1
17.557	-38.581	0	0	0	1
17.464	-38.619	0	0	0	1
17.371	-38.655	0	0	0	1
17.278	-38.692	0	0	0	1
17.184	-38.728	0	0	0	1
17.091	-38.763	0	0	0	1
16.997	-38.798	0	0	0	1
16.904	-38.833	0	0	0	1
16.81	-38.867	0	0	0	1
16.716	-38.902	0	0	0	1
16.622	-38.935	0	0	0	1
16.527	-38.969	0	0	0	1
16.433	-39.002	0	0	0	1
16.338	-39.035	0	0	0	1
16.244	-39.067	0	0	0	1
16.149	-39.099	0	0	0	1
16.054	-39.13	0	0	0	1
15.959	-39.161	0	0	0	1
15.864	-39.192	0	0	0	1
15.768	-39.221	0	0	0	1
15.673	-39.251	0	0	0	1
15.577	-39.28	0	0	0	1
15.481	-39.308	0	0	0	1
15.385	-39.337	0	0	0	1
15.289	-39.364	0	0	0	1
15.193	-39.391	0	0	0	1
15.097	-39.418	0	0	0	1
15	-39.444	0	0	0	1
14.904	-39.47	0	0	0	1
14.807	-39.495	0	0	0	1
14.71	-39.52	0	0	0	1
14.613	-39.544	0	0	0	1
14.516	-39.568	0	0	0	1
14.419	-39.591	0	0	0	1
14.321	-39.614	0	0	0	1
14.224	-39.637	0	0	0	1
14.126	-39.659	0	0	0	1
14.029	-39.68	0	0	0	1
13.931	-39.702	0	0	0	1
13.833	-39.722	0	0	0	1
13.735	-39.742	0	0	0	1
13.637	-39.762	0	0	0	1
13.539	-39.781	0	0	0	1
13.441	-39.8	0	0	0	1
13.342	-39.818	0	0	0	1
13.244	-39.836	0	0	0	1
13.146	-39.853	0	0	0	1
13.047	-39.87	0	0	0	1
12.948	-39.887	0	0	0	1
12.85	-39.903	0	0	0	1
12.751	-39.919	0	0	0	1
12.652	-39.934	0	0	0	1
12.553	-39.95	0	0	0	1
12.454	-39.964	0	0	0	1
12.355	-39.978	0	0	0	1
12.256	-39.992	0	0	0	1
12.157	-40.005	0	0	0	1
12.058	-40.017	0	0	0	1
11.959	-40.029	0	0	0	1
11.859	-40.041	0	0	0	1
11.76	-40.052	0	0	0	1
11.661	-40.062	0	0	0	1
11.561	-40.073	0	0	0	1
11.462	-40.083	0	0	0	1
11.362	-40.092	0	0	0	1
11.263	-40.101	0	0	0	1
11.163	-40.11	0	0	0	1
11.063	-40.119	0	0	0	1
10.964	-40.127	0	0	0	1
10.864	-40.134	0	0	0	1
10.764	-40.141	0	0	0	1
10.664	-40.148	0	0	0	1
10.565	-40.154	0	0	0	1
10.465	-40.159	0	0	0	1
10.365	-40.164	0	0	0	1
10.265	-40.168	0	0	0	1
10.165	-40.172	0	0	0	1
10.065	-40.176	0	0	0	1
9.9652	-40.179	0	0	0	1
9.8653	-40.183	0	0	0	1
9.7653	-40.186	0	0	0	1
9.6654	-40.188	0	0	0	1
9.5654	-40.19	0	0	0	1
9.4654	-40.192	0	0	0	1
9.3654	-40.194	0	0	0	1
9.2655	-40.195	0	0	0	1
9.1655	-40.196	0	0	0	1
9.0655	-40.197	0	0	0	1
8.9655	-40.198	0	0	0	1
8.8655	-40.199	0	0	0	1
8.7655	-40.2	0	0	0	1
8.6655	-40.2	0	0	0	1
8.5655	-40.201	0	0	0	1
8.4655	-40.202	0	0	0	1
8.3655	-40.202	0	0	0	1
8.2656	-40.203	0	0	0	1
8.1656	-40.203	0	0	0	1
8.0656	-40.203	0	0	0	1
7.9656	-40.204	0	0	0	1
7.8656	-40.204	0	0	0	1
7.7656	-40.204	0	0	0	1
7.6656	-40.204	0	0	0	1
7.5656	-40.204	0	0	0	1
7.4656	-40.204	0	0	0	1
7.3656	-40.205	0	0	0	1
7.2656	-40.204	0	0	0	1
7.1656	-40.204	0	0	0	1
7.0657	-40.204	0	0	0	1
6.9657	-40.204	0	0	0	1
6.8657	-40.204	0	0	0	1
6.7657	-40.203	0	0	0	1
6.6657	-40.203	0	0	0	1
6.5657	-40.202	0	0	0	1
6.4657	-40.201	0	0	0	1
6.3657	-40.201	0	0	0	1
6.2657	-40.2	0	0	0	1
6.1657	-40.199	0	0	0	1
6.0657	-40.199	0	0	0	1
5.9657	-40.198	0	0	0	1
5.8657	-40.197	0	0	0	1
5.7657	-40.196	0	0	0	1
5.6657	-40.195	0	0	0	1
5.5658	-40.194	0	0	0	1
5.4658	-40.194	0	0	0	1
5.3658	-40.193	0	0	0	1
5.2658	-40.192	0	0	0	1
5.1658	-40.191	0	0	0	1
5.0658	-40.19	0	0	0	1
4.9658	-40.189	0	0	0	1
4.8658	-40.189	0	0	0	1
4.7658	-40.188	0	0	0	1
4.6658	-40.187	0	0	0	1
4.5658	-40.186	0	0	0	1
4.4658	-40.186	0	0	0	1
4.3658	-40.185	0	0	0	1
4.2658	-40.185	0	0	0	1
4.1658	-40.184	0	0	0	1
4.0658	-40.184	0	0	0	1
3.9658	-40.183	0	0	0	1
3.8658	-40.183	0	0	0	1
3.7659	-40.182	0	0	0	1
3.6659	-40.181	0	0	0	1
3.5659	-40.181	0	0	0	1
3.4659	-40.18	0	0	0	1
3.3659	-40.18	0	0	0	1
3.2659	-40.179	0	0	0	1
3.1659	-40.179	0	0	0	1
3.0659	-40.178	0	0	0	1
2.9659	-40.178	0	0	0	1
2.8659	-40.178	0	0	0	1
2.7659	-40.178	0	0	0	1
2.6659	-40.178	0	0	0	1
2.5659	-40.178	0	0	0	1
2.4659	-40.178	0	0	0	1
2.3659	-40.178	0	0	0	1
2.2659	-40.178	0	0	0	1
2.1659	-40.178	0	0	0	1
2.0659	-40.178	0	0	0	1
1.966	-40.178	0	0	0	1
1.866	-40.177	0	0	0	1
1.766	-40.177	0	0	0	1
1.666	-40.177	0	0	0	1
1.566	-40.177	0	0	0	1
1.466	-40.177	0	0	0	1
1.366	-40.177	0	0	0	1
1.266	-40.177	0	0	0	1
1.166	-40.177	0	0	0	1
1.066	-40.176	0	0	0	1
0.96602	-40.176	0	0	0	1
0.86603	-40.175	0	0	0	1
0.76604	-40.175	0	0	0	1
0.66604	-40.174	0	0	0	1
0.56605	-40.173	0	0	0	1
0.46606	-40.172	0	0	0	1
0.36607	-40.171	0	0	0	1
0.26608	-40.17	0	0	0	1
0.16609	-40.169	0	0	0	1
0.0661	-40.167	0	0	0	1
-0.033885	-40.166	0	0	0	1
-0.13386	-40.164	0	0	0	1
-0.23384	-40.162	0	0	0	1
-0.33381	-40.16	0	0	0	1
-0.43378	-40.158	0	0	0	1
-0.53374	-40.155	0	0	0	1
-0.63369	-40.152	0	0	0	1
-0.73363	-40.149	0	0	0	1
-0.83356	-40.145	0	0	0	1
-0.93348	-40.141	0	0	0	1
-1.0334	-40.137	0	0	0	1
-1.1333	-40.132	0	0	0	1
-1.2331	-40.127	0	0	0	1
-1.333	-40.122	0	0	0	1
-1.4328	-40.116	0	0	0	1
-1.5326	-40.111	0	0	0	1
-1.6324	-40.104	0	0	0	1
-1.7322	-40.098	0	0	0	1
-1.8319	-40.09	0	0	0	1
-1.9316	-40.083	0	0	0	1
-2.0313	-40.075	0	0	0	1
-2.131	-40.067	0	0	0	1
-2.2306	-40.058	0	0	0	1
-2.3302	-40.049	0	0	0	1
-2.4297	-40.04	0	0	0	1
-2.5292	-40.03	0	0	0	1
-2.6286	-40.019	0	0	0	1
-2.7281	-40.009	0	0	0	1
-2.8274	-39.998	0	0	0	1
-2.9268	-39.987	0	0	0	1
-3.026	-39.975	0	0	0	1
-3.1253	-39.962	0	0	0	1
-3.2244	-39.95	0	0	0	1
-3.3236	-39.937	0	0	0	1
-3.4227	-39.924	0	0	0	1
-3.5217	-39.91	0	0	0	1
-3.6207	-39.896	0	0	0	1
-3.7196	-39.881	0	0	0	1
-3.8184	-39.866	0	0	0	1
-3.9171	-39.85	0	0	0	1
-4.0158	-39.834	0	0	0	1
-4.1144	-39.817	0	0	0	1
-4.2129	-39.8	0	0	0	1
-4.3113	-39.782	0	0	0	1
-4.4096	-39.764	0	0	0	1
-4.5078	-39.745	0	0	0	1
-4.6059	-39.726	0	0	0	1
-4.704	-39.706	0	0	0	1
-4.8019	-39.686	0	0	0	1
-4.8997	-39.665	0	0	0	1
-4.9974	-39.644	0	0	0	1
-5.095	-39.622	0	0	0	1
-5.1924	-39.6	0	0	0	1
-5.2897	-39.577	0	0	0	1
-5.3869	-39.553	0	0	0	1
-5.484	-39.529	0	0	0	1
-5.5809	-39.505	0	0	0	1
-5.6777	-39.48	0	0	0	1
-5.7744	-39.454	0	0	0	1
-5.8709	-39.428	0	0	0	1
-5.9673	-39.402	0	0	0	1
-6.0635	-39.374	0	0	0	1
-6.1595	-39.346	0	0	0	1
-6.2554	-39.318	0	0	0	1
-6.3512	-39.29	0	0	0	1
-6.4468	-39.26	0	0	0	1
-6.5423	-39.231	0	0	0	1
-6.6375	-39.2	0	0	0	1
-6.7327	-39.169	0	0	0	1
-6.8277	-39.138	0	0	0	1
-6.9225	-39.106	0	0	0	1
-7.0172	-39.074	0	0	0	1
-7.1116	-39.041	0	0	0	1
-7.2059	-39.008	0	0	0	1
-7.3	-38.974	0	0	0	1
-7.394	-38.94	0	0	0	1
-7.4878	-38.905	0	0	0	1
-7.5815	-38.871	0	0	0	1
-7.675	-38.835	0	0	0	1
-7.7683	-38.799	0	0	0	1
-7.8615	-38.763	0	0	0	1
-7.9544	-38.726	0	0	0	1
-8.0472	-38.689	0	0	0	1
-8.1396	-38.651	0	0	0	1
-8.2319	-38.612	0	0	0	1
-8.324	-38.573	0	0	0	1
-8.4159	-38.534	0	0	0	1
-8.5076	-38.494	0	0	0	1
-8.5991	-38.454	0	0	0	1
-8.6904	-38.413	0	0	0	1
-8.7816	-38.372	0	0	0	1
-8.8726	-38.33	0	0	0	1
-8.9634	-38.288	0	0	0	1
-9.054	-38.246	0	0	0	1
-9.1445	-38.204	0	0	0	1
-9.2347	-38.16	0	0	0	1
-9.3247	-38.117	0	0	0	1
-9.4145	-38.073	0	0	0	1
-9.5043	-38.029	0	0	0	1
-9.5937	-37.984	0	0	0	1
-9.6829	-37.939	0	0	0	1
-9.772	-37.894	0	0	0	1
-9.8609	-37.848	0	0	0	1
-9.9496	-37.802	0	0	0	1
-10.038	-37.755	0	0	0	1
-10.126	-37.708	0	0	0	1
-10.215	-37.661	0	0	0	1
-10.302	-37.613	0	0	0	1
-10.39	-37.565	0	0	0	1
-10.478	-37.517	0	0	0	1
-10.565	-37.468	0	0	0	1
-10.652	-37.418	0	0	0	1
-10.738	-37.369	0	0	0	1
-10.825	-37.319	0	0	0	1
-10.911	-37.268	0	0	0	1
-10.997	-37.217	0	0	0	1
-11.083	-37.166	0	0	0	1
-11.169	-37.114	0	0	0	1
-11.254	-37.062	0	0	0	1
-11.339	-37.01	0	0	0	1
-11.424	-36.957	0	0	0	1
-11.509	-36.904	0	0	0	1
-11.593	-36.85	0	0	0	1
-11.677	-36.795	0	0	0	1
-11.76	-36.74	0	0	0	1
-11.844	-36.685	0	0	0	1
-11.927	-36.629	0	0	0	1
-12.009	-36.573	0	0	0	1
-12.092	-36.516	0	0	0	1
-12.174	-36.459	0	0	0	1
-12.255	-36.401	0	0	0	1
-12.337	-36.344	0	0	0	1
-12.418	-36.285	0	0	0	1
-12.499	-36.226	0	0	0	1
-12.579	-36.167	0	0	0	1
-12.66	-36.107	0	0	0	1
-12.74	-36.047	0	0	0	1
-12.819	-35.987	0	0	0	1
-12.898	-35.926	0	0	0	1
-12.977	-35.864	0	0	0	1
-13.056	-35.803	0	0	0	1
-13.134	-35.74	0	0	0	1
-13.212	-35.677	0	0	0	1
-13.289	-35.614	0	0	0	1
-13.367	-35.551	0	0	0	1
-13.443	-35.487	0	0	0	1
-13.52	-35.422	0	0	0	1
-13.596	-35.358	0	0	0	1
-13.672	-35.292	0	0	0	1
-13.748	-35.227	0	0	0	1
-13.823	-35.161	0	0	0	1
-13.898	-35.095	0	0	0	1
-13.972	-35.028	0	0	0	1
-14.047	-34.961	0	0	0	1
-14.12	-34.894	0	0	0	1
-14.194	-34.826	0	0	0	1
-14.267	-34.758	0	0	0	1
-14.34	-34.689	0	0	0	1
-14.412	-34.62	0	0	0	1
-14.484	-34.551	0	0	0	1
-14.556	-34.481	0	0	0	1
-14.627	-34.411	0	0	0	1
-14.698	-34.341	0	0	0	1
-14.769	-34.27	0	0	0	1
-14.839	-34.199	0	0	0	1
-14.909	-34.127	0	0	0	1
-14.979	-34.056	0	0	0	1
-15.048	-33.983	0	0	0	1
-15.116	-33.91	0	0	0	1
-15.185	-33.837	0	0	0	1
-15.253	-33.764	0	0	0	1
-15.32	-33.69	0	0	0	1
-15.387	-33.616	0	0	0	1
-15.454	-33.542	0	0	0	1
-15.521	-33.467	0	0	0	1
-15.587	-33.392	0	0	0	1
-15.652	-33.317	0	0	0	1
-15.718	-33.241	0	0	0	1
-15.783	-33.165	0	0	0	1
-15.847	-33.089	0	0	0	1
-15.911	-33.012	0	0	0	1
-15.975	-32.935	0	0	0	1
-16.038	-32.857	0	0	0	1
-16.101	-32.78	0	0	0	1
-16.163	-32.701	0	0	0	1
-16.225	-32.623	0	0	0	1
-16.287	-32.545	0	0	0	1
-16.348	-32.466	0	0	0	1
-16.41	-32.386	0	0	0	1
-16.47	-32.307	0	0	0	1
-16.53	-32.227	0	0	0	1
-16.59	-32.146	0	0	0	1
-16.649	-32.066	0	0	0	1
-16.708	-31.985	0	0	0	1
-16.766	-31.904	0	0	0	1
-16.824	-31.822	0	0	0	1
-16.881	-31.74	0	0	0	1
-16.938	-31.658	0	0	0	1
-16.995	-31.576	0	0	0	1
-17.051	-31.493	0	0	0	1
-17.107	-31.41	0	0	0	1
-17.162	-31.327	0	0	0	1
-17.218	-31.244	0	0	0	1
-17.272	-31.16	0	0	0	1
-17.327	-31.076	0	0	0	1
-17.381	-30.992	0	0	0	1
-17.435	-30.908	0	0	0	1
-17.488	-30.823	0	0	0	1
-17.541	-30.739	0	0	0	1
-17.594	-30.653	0	0	0	1
-17.646	-30.568	0	0	0	1
-17.698	-30.482	0	0	0	1
-17.749	-30.397	0	0	0	1
-17.799	-30.31	0	0	0	1
-17.85	-30.224	0	0	0	1
-17.9	-30.137	0	0	0	1
-17.949	-30.051	0	0	0	1
-17.998	-29.964	0	0	0	1
-18.047	-29.876	0	0	0	1
-18.096	-29.789	0	0	0	1
-18.144	-29.701	0	0	0	1
-18.191	-29.613	0	0	0	1
-18.238	-29.525	0	0	0	1
-18.285	-29.436	0	0	0	1
-18.331	-29.348	0	0	0	1
-18.376	-29.259	0	0	0	1
-18.422	-29.169	0	0	0	1
-18.466	-29.08	0	0	0	1
-18.511	-28.99	0	0	0	1
-18.554	-28.9	0	0	0	1
-18.598	-28.81	0	0	0	1
-18.64	-28.72	0	0	0	1
-18.683	-28.629	0	0	0	1
-18.725	-28.539	0	0	0	1
-18.767	-28.448	0	0	0	1
-18.808	-28.357	0	0	0	1
-18.849	-28.266	0	0	0	1
-18.889	-28.174	0	0	0	1
-18.929	-28.082	0	0	0	1
-18.968	-27.99	0	0	0	1
-19.006	-27.898	0	0	0	1
-19.045	-27.806	0	0	0	1
-19.082	-27.713	0	0	0	1
-19.12	-27.62	0	0	0	1
-19.157	-27.527	0	0	0	1
-19.193	-27.434	0	0	0	1
-19.229	-27.341	0	0	0	1
-19.264	-27.247	0	0	0	1
-19.299	-27.154	0	0	0	1
-19.333	-27.06	0	0	0	1
-19.367	-26.966	0	0	0	1
-19.401	-26.871	0	0	0	1
-19.433	-26.777	0	0	0	1
-19.466	-26.682	0	0	0	1
-19.498	-26.587	0	0	0	1
-19.529	-26.493	0	0	0	1
-19.561	-26.398	0	0	0	1
-19.591	-26.303	0	0	0	1
-19.622	-26.207	0	0	0	1
-19.651	-26.112	0	0	0	1
-19.681	-26.016	0	0	0	1
-19.709	-25.92	0	0	0	1
-19.737	-25.824	0	0	0	1
-19.765	-25.728	0	0	0	1
-19.792	-25.632	0	0	0	1
-19.819	-25.536	0	0	0	1
-19.845	-25.439	0	0	0	1
-19.871	-25.343	0	0	0	1
-19.896	-25.246	0	0	0	1
-19.921	-25.149	0	0	0	1
-19.945	-25.052	0	0	0	1
-19.969	-24.955	0	0	0	1
-19.993	-24.858	0	0	0	1
-20.016	-24.761	0	0	0	1
-20.039	-24.663	0	0	0	1
-20.06	-24.566	0	0	0	1
-20.082	-24.468	0	0	0	1
-20.103	-24.37	0	0	0	1
-20.123	-24.272	0	0	0	1
-20.143	-24.174	0	0	0	1
-20.162	-24.076	0	0	0	1
-20.18	-23.978	0	0	0	1
-20.199	-23.879	0	0	0	1
-20.216	-23.781	0	0	0	1
-20.233	-23.683	0	0	0	1
-20.25	-23.584	0	0	0	1
-20.267	-23.485	0	0	0	1
-20.283	-23.387	0	0	0	1
-20.299	-23.288	0	0	0	1
-20.314	-23.189	0	0	0	1
-20.328	-23.09	0	0	0	1
-20.342	-22.991	0	0	0	1
-20.356	-22.892	0	0	0	1
-20.368	-22.793	0	0	0	1
-20.381	-22.694	0	0	0	1
-20.392	-22.594	0	0	0	1
-20.403	-22.495	0	0	0	1
-20.414	-22.396	0	0	0	1
-20.424	-22.296	0	0	0	1
-20.434	-22.197	0	0	0	1
-20.444	-22.097	0	0	0	1
-20.453	-21.998	0	0	0	1
-20.462	-21.898	0	0	0	1
-20.47	-21.798	0	0	0	1
-20.478	-21.699	0	0	0	1
-20.485	-21.599	0	0	0	1
-20.491	-21.499	0	0	0	1
-20.498	-21.399	0	0	0	1
-20.503	-21.3	0	0	0	1
-20.508	-21.2	0	0	0	1
-20.513	-21.1	0	0	0	1
-20.517	-21	0	0	0	1
-20.521	-20.9	0	0	0	1
-20.524	-20.8	0	0	0	1
-20.527	-20.7	0	0	0	1
-20.529	-20.6	0	0	0	1
-20.531	-20.5	0	0	0	1
-20.533	-20.4	0	0	0	1
-20.534	-20.3	0	0	0	1
-20.535	-20.2	0	0	0	1
-20.535	-20.1	0	0	0	1
-20.534	-20	0	0	0	1
-20.533	-19.9	0	0	0	1
-20.532	-19.8	0	0	0	1
-20.53	-19.7	0	0	0	1
-20.528	-19.601	0	0	0	1
-20.525	-19.501	0	0	0	1
-20.521	-19.401	0	0	0	1
-20.518	-19.301	0	0	0	1
-20.514	-19.201	0	0	0	1
-20.509	-19.101	0	0	0	1
-20.504	-19.001	0	0	0	1
-20.498	-18.901	0	0	0	1
-20.492	-18.801	0	0	0	1
-20.486	-18.702	0	0	0	1
-20.479	-18.602	0	0	0	1
-20.471	-18.502	0	0	0	1
-20.463	-18.403	0	0	0	1
-20.454	-18.303	0	0	0	1
-20.446	-18.203	0	0	0	1
-20.436	-18.104	0	0	0	1
-20.426	-18.004	0	0	0	1
-20.416	-17.905	0	0	0	1
-20.405	-17.806	0	0	0	1
-20.394	-17.706	0	0	0	1
-20.382	-17.607	0	0	0	1
-20.37	-17.508	0	0	0	1
-20.357	-17.409	0	0	0	1
-20.344	-17.309	0	0	0	1
-20.33	-17.21	0	0	0	1
-20.316	-17.112	0	0	0	1
-20.301	-17.013	0	0	0	1
-20.286	-16.914	0	0	0	1
-20.27	-16.815	0	0	0	1
-20.253	-16.717	0	0	0	1
-20.236	-16.618	0	0	0	1
-20.219	-16.52	0	0	0	1
-20.201	-16.421	0	0	0	1
-20.183	-16.323	0	0	0	1
-20.164	-16.225	0	0	0	1
-20.145	-16.127	0	0	0	1
-20.125	-16.029	0	0	0	1
-20.105	-15.931	0	0	0	1
-20.084	-15.833	0	0	0	1
-20.063	-15.735	0	0	0	1
-20.041	-15.638	0	0	0	1
-20.019	-15.54	0	0	0	1
-19.996	-15.443	0	0	0	1
-19.973	-15.345	0	0	0	1
-19.95	-15.248	0	0	0	1
-19.926	-15.151	0	0	0	1
-19.901	-15.054	0	0	0	1
-19.876	-14.958	0	0	0	1
-19.85	-14.861	0	0	0	1
-19.824	-14.764	0	0	0	1
-19.798	-14.668	0	0	0	1
-19.77	-14.572	0	0	0	1
-19.743	-14.476	0	0	0	1
-19.715	-14.38	0	0	0	1
-19.686	-14.284	0	0	0	1
-19.657	-14.188	0	0	0	1
-19.627	-14.093	0	0	0	1
-19.597	-13.997	0	0	0	1
-19.566	-13.902	0	0	0	1
-19.535	-13.807	0	0	0	1
-19.504	-13.712	0	0	0	1
-19.472	-13.618	0	0	0	1
-19.439	-13.523	0	0	0	1
-19.407	-13.429	0	0	0	1
-19.373	-13.334	0	0	0	1
-19.339	-13.24	0	0	0	1
-19.305	-13.146	0	0	0	1
-19.27	-13.053	0	0	0	1
-19.235	-12.959	0	0	0	1
-19.199	-12.866	0	0	0	1
-19.163	-12.773	0	0	0	1
-19.126	-12.68	0	0	0	1
-19.089	-12.587	0	0	0	1
-19.051	-12.494	0	0	0	1
-19.013	-12.402	0	0	0	1
-18.974	-12.31	0	0	0	1
-18.935	-12.217	0	0	0	1
-18.896	-12.126	0	0	0	1
-18.856	-12.034	0	0	0	1
-18.816	-11.942	0	0	0	1
-18.775	-11.851	0	0	0	1
-18.734	-11.76	0	0	0	1
-18.693	-11.669	0	0	0	1
-18.65	-11.578	0	0	0	1
-18.608	-11.488	0	0	0	1
-18.565	-11.397	0	0	0	1
-18.522	-11.307	0	0	0	1
-18.478	-11.218	0	0	0	1
-18.433	-11.128	0	0	0	1
-18.388	-11.039	0	0	0	1
-18.343	-10.949	0	0	0	1
-18.298	-10.86	0	0	0	1
-18.252	-10.771	0	0	0	1
-18.206	-10.683	0	0	0	1
-18.159	-10.595	0	0	0	1
-18.111	-10.507	0	0	0	1
-18.064	-10.419	0	0	0	1
-18.015	-10.331	0	0	0	1
-17.966	-10.244	0	0	0	1
-17.917	-10.157	0	0	0	1
-17.867	-10.07	0	0	0	1
-17.817	-9.984	0	0	0	1
-17.766	-9.8978	0	0	0	1
-17.715	-9.8118	0	0	0	1
-17.664	-9.7259	0	0	0	1
-17.612	-9.6404	0	0	0	1
-17.56	-9.5551	0	0	0	1
-17.508	-9.47	0	0	0	1
-17.454	-9.3854	0	0	0	1
-17.401	-9.3009	0	0	0	1
-17.347	-9.2167	0	0	0	1
-17.293	-9.1328	0	0	0	1
-17.238	-9.0492	0	0	0	1
-17.183	-8.9659	0	0	0	1
-17.127	-8.8829	0	0	0	1
-17.071	-8.8002	0	0	0	1
-17.014	-8.7179	0	0	0	1
-16.957	-8.6357	0	0	0	1
-16.9	-8.5537	0	0	0	1
-16.842	-8.4722	0	0	0	1
-16.784	-8.3908	0	0	0	1
-16.726	-8.3096	0	0	0	1
-16.667	-8.2287	0	0	0	1
-16.608	-8.1481	0	0	0	1
-16.548	-8.0676	0	0	0	1
-16.489	-7.9875	0	0	0	1
-16.428	-7.9079	0	0	0	1
-16.367	-7.8287	0	0	0	1
-16.305	-7.7501	0	0	0	1
-16.243	-7.6718	0	0	0	1
-16.18	-7.5939	0	0	0	1
-16.118	-7.5162	0	0	0	1
-16.054	-7.4388	0	0	0	1
-15.991	-7.3613	0	0	0	1
-15.928	-7.2842	0	0	0	1
-15.864	-7.2071	0	0	0	1
-15.8	-7.1302	0	0	0	1
-15.736	-7.0536	0	0	0	1
-15.671	-6.9772	0	0	0	1
-15.606	-6.9011	0	0	0	1
-15.541	-6.8254	0	0	0	1
-15.475	-6.7504	0	0	0	1
-15.408	-6.6758	0	0	0	1
-15.341	-6.6016	0	0	0	1
-15.274	-6.5278	0	0	0	1
-15.206	-6.4544	0	0	0	1
-15.138	-6.3813	0	0	0	1
-15.069	-6.3085	0	0	0	1
-15	-6.236	0	0	0	1
-14.931	-6.164	0	0	0	1
-14.862	-6.0921	0	0	0	1
-14.792	-6.0205	0	0	0	1
-14.722	-5.9492	0	0	0	1
-14.651	-5.8783	0	0	0	1
-14.58	-5.8078	0	0	0	1
-14.509	-5.7378	0	0	0	1
-14.438	-5.6679	0	0	0	1
-14.365	-5.5989	0	0	0	1
-14.293	-5.5302	0	0	0	1
-14.22	-5.4618	0	0	0	1
-14.146	-5.3941	0	0	0	1
-14.072	-5.3266	0	0	0	1
-13.999	-5.2592	0	0	0	1
-13.924	-5.1922	0	0	0	1
-13.85	-5.1254	0	0	0	1
-13.775	-5.0591	0	0	0	1
-13.7	-4.9929	0	0	0	1
-13.625	-4.9274	0	0	0	1
-13.549	-4.8619	0	0	0	1
-13.473	-4.797	0	0	0	1
-13.397	-4.7325	0	0	0	1
-13.32	-4.6686	0	0	0	1
-13.243	-4.6053	0	0	0	1
-13.165	-4.5426	0	0	0	1
-13.087	-4.4802	0	0	0	1
-13.008	-4.4185	0	0	0	1
-12.929	-4.357	0	0	0	1
-12.85	-4.2959	0	0	0	1
-12.771	-4.2352	0	0	0	1
-12.691	-4.1751	0	0	0	1
-12.611	-4.1152	0	0	0	1
-12.53	-4.0557	0	0	0	1
-12.45	-3.9968	0	0	0	1
-12.369	-3.9379	0	0	0	1
-12.287	-3.8797	0	0	0	1
-12.206	-3.8219	0	0	0	1
-12.124	-3.7647	0	0	0	1
-12.042	-3.7079	0	0	0	1
-11.959	-3.6518	0	0	0	1
-11.876	-3.5961	0	0	0	1
-11.793	-3.5407	0	0	0	1
-11.709	-3.4856	0	0	0	1
-11.625	-3.431	0	0	0	1
-11.541	-3.3767	0	0	0	1
-11.457	-3.3229	0	0	0	1
-11.373	-3.2693	0	0	0	1
-11.288	-3.2162	0	0	0	1
-11.203	-3.1636	0	0	0	1
-11.118	-3.1113	0	0	0	1
-11.032	-3.0594	0	0	0	1
-10.947	-3.0081	0	0	0	1
-10.861	-2.9571	0	0	0	1
-10.774	-2.9066	0	0	0	1
-10.688	-2.8564	0	0	0	1
-10.601	-2.8066	0	0	0	1
-10.514	-2.7571	0	0	0	1
-10.427	-2.7078	0	0	0	1
-10.34	-2.6587	0	0	0	1
-10.253	-2.6101	0	0	0	1
-10.165	-2.5619	0	0	0	1
-10.077	-2.514	0	0	0	1
-9.9894	-2.4664	0	0	0	1
-9.9011	-2.4195	0	0	0	1
-9.8126	-2.373	0	0	0	1
-9.7238	-2.327	0	0	0	1
-9.6348	-2.2816	0	0	0	1
-9.5455	-2.2365	0	0	0	1
-9.456	-2.192	0	0	0	1
-9.3663	-2.1478	0	0	0	1
-9.2765	-2.1037	0	0	0	1
-9.1865	-2.0602	0	0	0	1
-9.0963	-2.0171	0	0	0	1
-9.006	-1.9742	0	0	0	1
-8.9154	-1.9317	0	0	0	1
-8.8247	-1.8897	0	0	0	1
-8.7338	-1.8481	0	0	0	1
-8.6426	-1.807	0	0	0	1
-8.5513	-1.7663	0	0	0	1
-8.4596	-1.7263	0	0	0	1
-8.3679	-1.6864	0	0	0	1
-8.276	-1.6471	0	0	0	1
-8.1839	-1.608	0	0	0	1
-8.0916	-1.5697	0	0	0	1
-7.9992	-1.5315	0	0	0	1
-7.9065	-1.4939	0	0	0	1
-7.8136	-1.457	0	0	0	1
-7.7205	-1.4204	0	0	0	1
-7.6272	-1.3845	0	0	0	1
-7.5337	-1.349	0	0	0	1
-7.44	-1.3141	0	0	0	1
-7.3461	-1.2797	0	0	0	1
-7.252	-1.246	0	0	0	1
-7.1578	-1.2124	0	0	0	1
-7.0634	-1.1796	0	0	0	1
-6.9689	-1.1469	0	0	0	1
-6.8743	-1.1145	0	0	0	1
-6.7795	-1.0826	0	0	0	1
-6.6846	-1.0511	0	0	0	1
-6.5896	-1.02	0	0	0	1
-6.4944	-0.98926	0	0	0	1
-6.3991	-0.95904	0	0	0	1
-6.3036	-0.92937	0	0	0	1
-6.2079	-0.90036	0	0	0	1
-6.1121	-0.87192	0	0	0	1
-6.016	-0.84409	0	0	0	1
-5.9199	-0.81669	0	0	0	1
-5.8235	-0.78998	0	0	0	1
-5.727	-0.76384	0	0	0	1
-5.6304	-0.7381	0	0	0	1
-5.5337	-0.71279	0	0	0	1
-5.4368	-0.68803	0	0	0	1
-5.3398	-0.66373	0	0	0	1
-5.2427	-0.63982	0	0	0	1
-5.1455	-0.61661	0	0	0	1
-5.0482	-0.59365	0	0	0	1
-4.9507	-0.57129	0	0	0	1
-4.8532	-0.54949	0	0	0	1
-4.7555	-0.52813	0	0	0	1
-4.6577	-0.50733	0	0	0	1
-4.5598	-0.48719	0	0	0	1
-4.4618	-0.46748	0	0	0	1
-4.3637	-0.44841	0	0	0	1
-4.2654	-0.42994	0	0	0	1
-4.1671	-0.4119	0	0	0	1
-4.0686	-0.39466	0	0	0	1
-3.9701	-0.37778	0	0	0	1
-3.8715	-0.36126	0	0	0	1
-3.7728	-0.34539	0	0	0	1
-3.674	-0.33015	0	0	0	1
-3.5752	-0.31522	0	0	0	1
-3.4763	-0.3008	0	0	0	1
-3.3773	-0.28694	0	0	0	1
-3.2782	-0.27379	0	0	0	1
-3.1791	-0.26122	0	0	0	1
-3.0799	-0.24906	0	0	0	1
-2.9806	-0.23753	0	0	0	1
-2.8812	-0.22637	0	0	0	1
-2.7818	-0.21578	0	0	0	1
-2.6824	-0.20554	0	0	0	1
-2.5829	-0.19559	0	0	0	1
-2.4834	-0.18609	0	0	0	1
-2.3838	-0.17703	0	0	0	1
-2.2842	-0.16818	0	0	0	1
-2.1846	-0.15983	0	0	0	1
-2.0849	-0.15206	0	0	0	1
-1.9852	-0.14466	0	0	0	1
-1.8855	-0.13785	0	0	0	1
-1.7857	-0.13154	0	0	0	1
-1.6859	-0.12571	0	0	0	1
-1.586	-0.12044	0	0	0	1
-1.4862	-0.12026	0	0	0	1
-1.3863	-0.11501	0	0	0	1
-1.2864	-0.10986	0	0	0	1
-1.1864	-0.10513	0	0	0	1
-1.0865	-0.10051	0	0	0	1
-0.98657	-0.096117	0	0	0	1
-0.88662	-0.091921	0	0	0	1
-0.78667	-0.088041	0	0	0	1
-0.68671	-0.084536	0	0	0	1
-0.58674	-0.081412	0	0	0	1
-0.48677	-0.078777	0	0	0	1
-0.38679	-0.07503	0	0	0	1
-0.28681	-0.068863	0	0	0	1
-0.18683	-0.067058	0	0	0	1
-0.086837	-0.065811	0	0	0	1
